0.000000 8.750000 1.250000 1.250000
0
1.250000 9.375000 0.625000 0.625000
0
1.875000 9.921875 0.078125 0.078125
1
1.875000 9.843750 0.078125 0.078125
1.953125 9.921875 0.078125 0.078125
1
1.875000 9.921875 0.078125 0.078125
1.875000 9.843750 0.078125 0.078125
2
1.875000 9.921875 0.078125 0.078125
1.875000 9.765625 0.078125 0.078125
1.953125 9.843750 0.078125 0.078125
1
1.875000 9.843750 0.078125 0.078125
2.031250 9.843750 0.156250 0.156250
0
1.875000 9.765625 0.078125 0.078125
2
1.875000 9.843750 0.078125 0.078125
1.875000 9.687500 0.078125 0.078125
1.953125 9.765625 0.078125 0.078125
1
1.875000 9.765625 0.078125 0.078125
1.875000 9.687500 0.078125 0.078125
2
1.875000 9.765625 0.078125 0.078125
1.875000 9.609375 0.078125 0.078125
1.953125 9.687500 0.078125 0.078125
1
1.875000 9.687500 0.078125 0.078125
2.031250 9.687500 0.156250 0.156250
0
2.187500 9.687500 0.312500 0.312500
0
1.875000 9.609375 0.078125 0.078125
2
1.875000 9.687500 0.078125 0.078125
1.875000 9.531250 0.078125 0.078125
1.953125 9.609375 0.078125 0.078125
1
1.875000 9.609375 0.078125 0.078125
1.875000 9.531250 0.078125 0.078125
2
1.875000 9.609375 0.078125 0.078125
1.875000 9.453125 0.078125 0.078125
1.953125 9.531250 0.078125 0.078125
1
1.875000 9.531250 0.078125 0.078125
2.031250 9.531250 0.156250 0.156250
0
1.875000 9.453125 0.078125 0.078125
2
1.875000 9.531250 0.078125 0.078125
1.875000 9.375000 0.078125 0.078125
1.953125 9.453125 0.078125 0.078125
1
1.875000 9.453125 0.078125 0.078125
1.875000 9.375000 0.078125 0.078125
2
1.875000 9.453125 0.078125 0.078125
1.875000 9.296875 0.078125 0.078125
1.953125 9.375000 0.078125 0.078125
1
1.875000 9.375000 0.078125 0.078125
2.031250 9.375000 0.156250 0.156250
0
2.187500 9.375000 0.312500 0.312500
0
1.250000 8.750000 0.625000 0.625000
0
1.875000 9.296875 0.078125 0.078125
2
1.875000 9.375000 0.078125 0.078125
1.875000 9.218750 0.078125 0.078125
1.953125 9.296875 0.078125 0.078125
1
1.875000 9.296875 0.078125 0.078125
1.875000 9.218750 0.078125 0.078125
2
1.875000 9.296875 0.078125 0.078125
1.875000 9.140625 0.078125 0.078125
1.953125 9.218750 0.078125 0.078125
1
1.875000 9.218750 0.078125 0.078125
2.031250 9.218750 0.156250 0.156250
0
1.875000 9.140625 0.078125 0.078125
2
1.875000 9.218750 0.078125 0.078125
1.875000 9.062500 0.078125 0.078125
1.953125 9.140625 0.078125 0.078125
1
1.875000 9.140625 0.078125 0.078125
1.875000 9.062500 0.078125 0.078125
2
1.875000 9.140625 0.078125 0.078125
1.875000 8.984375 0.078125 0.078125
1.953125 9.062500 0.078125 0.078125
1
1.875000 9.062500 0.078125 0.078125
2.031250 9.062500 0.156250 0.156250
0
2.187500 9.062500 0.312500 0.312500
0
1.875000 8.984375 0.078125 0.078125
2
1.875000 9.062500 0.078125 0.078125
1.875000 8.906250 0.078125 0.078125
1.953125 8.984375 0.078125 0.078125
1
1.875000 8.984375 0.078125 0.078125
1.875000 8.906250 0.078125 0.078125
2
1.875000 8.984375 0.078125 0.078125
1.875000 8.828125 0.078125 0.078125
1.953125 8.906250 0.078125 0.078125
1
1.875000 8.906250 0.078125 0.078125
2.031250 8.906250 0.156250 0.156250
0
1.875000 8.828125 0.078125 0.078125
2
1.875000 8.906250 0.078125 0.078125
1.875000 8.750000 0.078125 0.078125
1.953125 8.828125 0.078125 0.078125
1
1.875000 8.828125 0.078125 0.078125
1.875000 8.750000 0.078125 0.078125
2
1.875000 8.828125 0.078125 0.078125
1.875000 8.671875 0.078125 0.078125
1.953125 8.750000 0.078125 0.078125
1
1.875000 8.750000 0.078125 0.078125
2.031250 8.750000 0.156250 0.156250
0
2.187500 8.750000 0.312500 0.312500
0
0.000000 7.500000 1.250000 1.250000
0
1.250000 8.125000 0.625000 0.625000
0
1.875000 8.671875 0.078125 0.078125
2
1.875000 8.750000 0.078125 0.078125
1.875000 8.593750 0.078125 0.078125
1.953125 8.671875 0.078125 0.078125
1
1.875000 8.671875 0.078125 0.078125
1.875000 8.593750 0.078125 0.078125
2
1.875000 8.671875 0.078125 0.078125
1.875000 8.515625 0.078125 0.078125
1.953125 8.593750 0.078125 0.078125
1
1.875000 8.593750 0.078125 0.078125
2.031250 8.593750 0.156250 0.156250
0
1.875000 8.515625 0.078125 0.078125
2
1.875000 8.593750 0.078125 0.078125
1.875000 8.437500 0.078125 0.078125
1.953125 8.515625 0.078125 0.078125
1
1.875000 8.515625 0.078125 0.078125
1.875000 8.437500 0.078125 0.078125
2
1.875000 8.515625 0.078125 0.078125
1.875000 8.359375 0.078125 0.078125
1.953125 8.437500 0.078125 0.078125
1
1.875000 8.437500 0.078125 0.078125
2.031250 8.437500 0.156250 0.156250
0
2.187500 8.437500 0.312500 0.312500
0
1.875000 8.359375 0.078125 0.078125
2
1.875000 8.437500 0.078125 0.078125
1.875000 8.281250 0.078125 0.078125
1.953125 8.359375 0.078125 0.078125
1
1.875000 8.359375 0.078125 0.078125
1.875000 8.281250 0.078125 0.078125
2
1.875000 8.359375 0.078125 0.078125
1.875000 8.203125 0.078125 0.078125
1.953125 8.281250 0.078125 0.078125
1
1.875000 8.281250 0.078125 0.078125
2.031250 8.281250 0.156250 0.156250
0
1.875000 8.203125 0.078125 0.078125
2
1.875000 8.281250 0.078125 0.078125
1.875000 8.125000 0.078125 0.078125
1.953125 8.203125 0.078125 0.078125
1
1.875000 8.203125 0.078125 0.078125
1.875000 8.125000 0.078125 0.078125
2
1.875000 8.203125 0.078125 0.078125
1.875000 8.046875 0.078125 0.078125
1.953125 8.125000 0.078125 0.078125
1
1.875000 8.125000 0.078125 0.078125
2.031250 8.125000 0.156250 0.156250
0
2.187500 8.125000 0.312500 0.312500
0
1.250000 7.500000 0.625000 0.625000
0
1.875000 8.046875 0.078125 0.078125
2
1.875000 8.125000 0.078125 0.078125
1.875000 7.968750 0.078125 0.078125
1.953125 8.046875 0.078125 0.078125
1
1.875000 8.046875 0.078125 0.078125
1.875000 7.968750 0.078125 0.078125
2
1.875000 8.046875 0.078125 0.078125
1.875000 7.890625 0.078125 0.078125
1.953125 7.968750 0.078125 0.078125
1
1.875000 7.968750 0.078125 0.078125
2.031250 7.968750 0.156250 0.156250
0
1.875000 7.890625 0.078125 0.078125
2
1.875000 7.968750 0.078125 0.078125
1.875000 7.812500 0.078125 0.078125
1.953125 7.890625 0.078125 0.078125
1
1.875000 7.890625 0.078125 0.078125
1.875000 7.812500 0.078125 0.078125
2
1.875000 7.890625 0.078125 0.078125
1.875000 7.734375 0.078125 0.078125
1.953125 7.812500 0.078125 0.078125
1
1.875000 7.812500 0.078125 0.078125
2.031250 7.812500 0.156250 0.156250
0
2.187500 7.812500 0.312500 0.312500
0
1.875000 7.734375 0.078125 0.078125
2
1.875000 7.812500 0.078125 0.078125
1.875000 7.656250 0.078125 0.078125
1.953125 7.734375 0.078125 0.078125
1
1.875000 7.734375 0.078125 0.078125
1.875000 7.656250 0.078125 0.078125
2
1.875000 7.734375 0.078125 0.078125
1.875000 7.578125 0.078125 0.078125
1.953125 7.656250 0.078125 0.078125
1
1.875000 7.656250 0.078125 0.078125
2.031250 7.656250 0.156250 0.156250
0
1.875000 7.578125 0.078125 0.078125
2
1.875000 7.656250 0.078125 0.078125
1.875000 7.500000 0.078125 0.078125
1.953125 7.578125 0.078125 0.078125
1
1.875000 7.578125 0.078125 0.078125
1.875000 7.500000 0.078125 0.078125
2
1.875000 7.578125 0.078125 0.078125
1.875000 7.421875 0.078125 0.078125
1.953125 7.500000 0.078125 0.078125
1
1.875000 7.500000 0.078125 0.078125
2.031250 7.500000 0.156250 0.156250
0
2.187500 7.500000 0.312500 0.312500
0
2.500000 7.500000 2.500000 2.500000
0
0.000000 6.250000 1.250000 1.250000
0
1.250000 6.875000 0.625000 0.625000
0
1.875000 7.421875 0.078125 0.078125
2
1.875000 7.500000 0.078125 0.078125
1.875000 7.343750 0.078125 0.078125
1.953125 7.421875 0.078125 0.078125
1
1.875000 7.421875 0.078125 0.078125
1.875000 7.343750 0.078125 0.078125
2
1.875000 7.421875 0.078125 0.078125
1.875000 7.265625 0.078125 0.078125
1.953125 7.343750 0.078125 0.078125
1
1.875000 7.343750 0.078125 0.078125
2.031250 7.343750 0.156250 0.156250
0
1.875000 7.265625 0.078125 0.078125
2
1.875000 7.343750 0.078125 0.078125
1.875000 7.187500 0.078125 0.078125
1.953125 7.265625 0.078125 0.078125
1
1.875000 7.265625 0.078125 0.078125
1.875000 7.187500 0.078125 0.078125
2
1.875000 7.265625 0.078125 0.078125
1.875000 7.109375 0.078125 0.078125
1.953125 7.187500 0.078125 0.078125
1
1.875000 7.187500 0.078125 0.078125
2.031250 7.187500 0.156250 0.156250
0
2.187500 7.187500 0.312500 0.312500
0
1.875000 7.109375 0.078125 0.078125
2
1.875000 7.187500 0.078125 0.078125
1.875000 7.031250 0.078125 0.078125
1.953125 7.109375 0.078125 0.078125
1
1.875000 7.109375 0.078125 0.078125
1.875000 7.031250 0.078125 0.078125
2
1.875000 7.109375 0.078125 0.078125
1.875000 6.953125 0.078125 0.078125
1.953125 7.031250 0.078125 0.078125
1
1.875000 7.031250 0.078125 0.078125
2.031250 7.031250 0.156250 0.156250
0
1.875000 6.953125 0.078125 0.078125
2
1.875000 7.031250 0.078125 0.078125
1.875000 6.875000 0.078125 0.078125
1.953125 6.953125 0.078125 0.078125
2
1.875000 6.953125 0.078125 0.078125
1.953125 6.875000 0.078125 0.078125
1.875000 6.875000 0.078125 0.078125
2
1.875000 6.953125 0.078125 0.078125
1.953125 6.875000 0.078125 0.078125
1.953125 6.875000 0.078125 0.078125
2
1.875000 6.875000 0.078125 0.078125
2.031250 6.875000 0.078125 0.078125
2.031250 6.953125 0.078125 0.078125
1
2.031250 6.875000 0.078125 0.078125
2.109375 6.953125 0.078125 0.078125
1
2.109375 6.875000 0.078125 0.078125
2.031250 6.875000 0.078125 0.078125
2
1.953125 6.875000 0.078125 0.078125
2.109375 6.875000 0.078125 0.078125
2.109375 6.875000 0.078125 0.078125
2
2.031250 6.875000 0.078125 0.078125
2.187500 6.875000 0.078125 0.078125
2.187500 7.031250 0.156250 0.156250
0
2.343750 7.031250 0.156250 0.156250
0
2.187500 6.953125 0.078125 0.078125
1
2.187500 6.875000 0.078125 0.078125
2.265625 6.953125 0.078125 0.078125
1
2.265625 6.875000 0.078125 0.078125
2.187500 6.875000 0.078125 0.078125
2
2.109375 6.875000 0.078125 0.078125
2.265625 6.875000 0.078125 0.078125
2.265625 6.875000 0.078125 0.078125
2
2.187500 6.875000 0.078125 0.078125
2.343750 6.875000 0.078125 0.078125
2.343750 6.953125 0.078125 0.078125
1
2.343750 6.875000 0.078125 0.078125
2.421875 6.953125 0.078125 0.078125
1
2.421875 6.875000 0.078125 0.078125
2.343750 6.875000 0.078125 0.078125
2
2.265625 6.875000 0.078125 0.078125
2.421875 6.875000 0.078125 0.078125
2.421875 6.875000 0.078125 0.078125
2
2.343750 6.875000 0.078125 0.078125
2.500000 6.875000 0.078125 0.078125
1.250000 6.250000 0.625000 0.625000
0
1.875000 6.250000 0.625000 0.625000
0
0.000000 5.000000 1.250000 1.250000
0
1.250000 5.000000 1.250000 1.250000
0
2.500000 7.187500 0.312500 0.312500
0
2.812500 7.187500 0.312500 0.312500
0
2.500000 7.031250 0.156250 0.156250
0
2.656250 7.031250 0.156250 0.156250
0
2.500000 6.953125 0.078125 0.078125
1
2.500000 6.875000 0.078125 0.078125
2.578125 6.953125 0.078125 0.078125
1
2.578125 6.875000 0.078125 0.078125
2.500000 6.875000 0.078125 0.078125
2
2.421875 6.875000 0.078125 0.078125
2.578125 6.875000 0.078125 0.078125
2.578125 6.875000 0.078125 0.078125
2
2.500000 6.875000 0.078125 0.078125
2.656250 6.875000 0.078125 0.078125
2.656250 6.953125 0.078125 0.078125
1
2.656250 6.875000 0.078125 0.078125
2.734375 6.953125 0.078125 0.078125
1
2.734375 6.875000 0.078125 0.078125
2.656250 6.875000 0.078125 0.078125
2
2.578125 6.875000 0.078125 0.078125
2.734375 6.875000 0.078125 0.078125
2.734375 6.875000 0.078125 0.078125
2
2.656250 6.875000 0.078125 0.078125
2.812500 6.875000 0.078125 0.078125
2.812500 7.031250 0.156250 0.156250
0
2.968750 7.031250 0.156250 0.156250
0
2.812500 6.953125 0.078125 0.078125
1
2.812500 6.875000 0.078125 0.078125
2.890625 6.953125 0.078125 0.078125
1
2.890625 6.875000 0.078125 0.078125
2.812500 6.875000 0.078125 0.078125
2
2.734375 6.875000 0.078125 0.078125
2.890625 6.875000 0.078125 0.078125
2.890625 6.875000 0.078125 0.078125
2
2.812500 6.875000 0.078125 0.078125
2.968750 6.875000 0.078125 0.078125
2.968750 6.953125 0.078125 0.078125
1
2.968750 6.875000 0.078125 0.078125
3.046875 6.953125 0.078125 0.078125
1
3.046875 6.875000 0.078125 0.078125
2.968750 6.875000 0.078125 0.078125
2
2.890625 6.875000 0.078125 0.078125
3.046875 6.875000 0.078125 0.078125
3.046875 6.875000 0.078125 0.078125
2
2.968750 6.875000 0.078125 0.078125
3.125000 6.875000 0.078125 0.078125
3.125000 7.187500 0.312500 0.312500
0
3.437500 7.187500 0.312500 0.312500
0
3.125000 7.031250 0.156250 0.156250
0
3.281250 7.031250 0.156250 0.156250
0
3.125000 6.953125 0.078125 0.078125
1
3.125000 6.875000 0.078125 0.078125
3.203125 6.953125 0.078125 0.078125
1
3.203125 6.875000 0.078125 0.078125
3.125000 6.875000 0.078125 0.078125
2
3.046875 6.875000 0.078125 0.078125
3.203125 6.875000 0.078125 0.078125
3.203125 6.875000 0.078125 0.078125
2
3.125000 6.875000 0.078125 0.078125
3.281250 6.875000 0.078125 0.078125
3.281250 6.953125 0.078125 0.078125
1
3.281250 6.875000 0.078125 0.078125
3.359375 6.953125 0.078125 0.078125
1
3.359375 6.875000 0.078125 0.078125
3.281250 6.875000 0.078125 0.078125
2
3.203125 6.875000 0.078125 0.078125
3.359375 6.875000 0.078125 0.078125
3.359375 6.875000 0.078125 0.078125
2
3.281250 6.875000 0.078125 0.078125
3.437500 6.875000 0.078125 0.078125
3.437500 7.031250 0.156250 0.156250
0
3.593750 7.031250 0.156250 0.156250
0
3.437500 6.953125 0.078125 0.078125
1
3.437500 6.875000 0.078125 0.078125
3.515625 6.953125 0.078125 0.078125
1
3.515625 6.875000 0.078125 0.078125
3.437500 6.875000 0.078125 0.078125
2
3.359375 6.875000 0.078125 0.078125
3.515625 6.875000 0.078125 0.078125
3.515625 6.875000 0.078125 0.078125
2
3.437500 6.875000 0.078125 0.078125
3.593750 6.875000 0.078125 0.078125
3.593750 6.953125 0.078125 0.078125
1
3.593750 6.875000 0.078125 0.078125
3.671875 6.953125 0.078125 0.078125
1
3.671875 6.875000 0.078125 0.078125
3.593750 6.875000 0.078125 0.078125
2
3.515625 6.875000 0.078125 0.078125
3.671875 6.875000 0.078125 0.078125
3.671875 6.875000 0.078125 0.078125
2
3.593750 6.875000 0.078125 0.078125
3.750000 6.875000 0.078125 0.078125
2.500000 6.250000 0.625000 0.625000
0
3.125000 6.250000 0.625000 0.625000
0
3.750000 7.187500 0.312500 0.312500
0
4.062500 7.187500 0.312500 0.312500
0
3.750000 7.031250 0.156250 0.156250
0
3.906250 7.031250 0.156250 0.156250
0
3.750000 6.953125 0.078125 0.078125
1
3.750000 6.875000 0.078125 0.078125
3.828125 6.953125 0.078125 0.078125
1
3.828125 6.875000 0.078125 0.078125
3.750000 6.875000 0.078125 0.078125
2
3.671875 6.875000 0.078125 0.078125
3.828125 6.875000 0.078125 0.078125
3.828125 6.875000 0.078125 0.078125
2
3.750000 6.875000 0.078125 0.078125
3.906250 6.875000 0.078125 0.078125
3.906250 6.953125 0.078125 0.078125
1
3.906250 6.875000 0.078125 0.078125
3.984375 6.953125 0.078125 0.078125
1
3.984375 6.875000 0.078125 0.078125
3.906250 6.875000 0.078125 0.078125
2
3.828125 6.875000 0.078125 0.078125
3.984375 6.875000 0.078125 0.078125
3.984375 6.875000 0.078125 0.078125
2
3.906250 6.875000 0.078125 0.078125
4.062500 6.875000 0.078125 0.078125
4.062500 7.031250 0.156250 0.156250
0
4.218750 7.031250 0.156250 0.156250
0
4.062500 6.953125 0.078125 0.078125
1
4.062500 6.875000 0.078125 0.078125
4.140625 6.953125 0.078125 0.078125
1
4.140625 6.875000 0.078125 0.078125
4.062500 6.875000 0.078125 0.078125
2
3.984375 6.875000 0.078125 0.078125
4.140625 6.875000 0.078125 0.078125
4.140625 6.875000 0.078125 0.078125
2
4.062500 6.875000 0.078125 0.078125
4.218750 6.875000 0.078125 0.078125
4.218750 6.953125 0.078125 0.078125
1
4.218750 6.875000 0.078125 0.078125
4.296875 6.953125 0.078125 0.078125
1
4.296875 6.875000 0.078125 0.078125
4.218750 6.875000 0.078125 0.078125
2
4.140625 6.875000 0.078125 0.078125
4.296875 6.875000 0.078125 0.078125
4.296875 6.875000 0.078125 0.078125
2
4.218750 6.875000 0.078125 0.078125
4.375000 6.875000 0.078125 0.078125
4.375000 7.187500 0.312500 0.312500
0
4.687500 7.187500 0.312500 0.312500
0
4.375000 7.031250 0.156250 0.156250
0
4.531250 7.031250 0.156250 0.156250
0
4.375000 6.953125 0.078125 0.078125
1
4.375000 6.875000 0.078125 0.078125
4.453125 6.953125 0.078125 0.078125
1
4.453125 6.875000 0.078125 0.078125
4.375000 6.875000 0.078125 0.078125
2
4.296875 6.875000 0.078125 0.078125
4.453125 6.875000 0.078125 0.078125
4.453125 6.875000 0.078125 0.078125
2
4.375000 6.875000 0.078125 0.078125
4.531250 6.875000 0.078125 0.078125
4.531250 6.953125 0.078125 0.078125
1
4.531250 6.875000 0.078125 0.078125
4.609375 6.953125 0.078125 0.078125
1
4.609375 6.875000 0.078125 0.078125
4.531250 6.875000 0.078125 0.078125
2
4.453125 6.875000 0.078125 0.078125
4.609375 6.875000 0.078125 0.078125
4.609375 6.875000 0.078125 0.078125
2
4.531250 6.875000 0.078125 0.078125
4.687500 6.875000 0.078125 0.078125
4.687500 7.031250 0.156250 0.156250
0
4.843750 7.031250 0.156250 0.156250
0
4.687500 6.953125 0.078125 0.078125
1
4.687500 6.875000 0.078125 0.078125
4.765625 6.953125 0.078125 0.078125
1
4.765625 6.875000 0.078125 0.078125
4.687500 6.875000 0.078125 0.078125
2
4.609375 6.875000 0.078125 0.078125
4.765625 6.875000 0.078125 0.078125
4.765625 6.875000 0.078125 0.078125
2
4.687500 6.875000 0.078125 0.078125
4.843750 6.875000 0.078125 0.078125
4.843750 6.953125 0.078125 0.078125
1
4.843750 6.875000 0.078125 0.078125
4.921875 6.953125 0.078125 0.078125
1
4.921875 6.875000 0.078125 0.078125
4.843750 6.875000 0.078125 0.078125
2
4.765625 6.875000 0.078125 0.078125
4.921875 6.875000 0.078125 0.078125
4.921875 6.875000 0.078125 0.078125
2
4.843750 6.875000 0.078125 0.078125
5.000000 6.875000 0.078125 0.078125
3.750000 6.250000 0.625000 0.625000
0
4.375000 6.250000 0.625000 0.625000
0
2.500000 5.000000 1.250000 1.250000
0
3.750000 5.000000 1.250000 1.250000
0
5.000000 9.687500 0.312500 0.312500
0
5.312500 9.843750 0.156250 0.156250
0
5.468750 9.921875 0.078125 0.078125
1
5.546875 9.921875 0.078125 0.078125
5.546875 9.921875 0.078125 0.078125
1
5.546875 9.843750 0.078125 0.078125
5.468750 9.843750 0.078125 0.078125
1
5.546875 9.843750 0.078125 0.078125
5.546875 9.843750 0.078125 0.078125
2
5.546875 9.921875 0.078125 0.078125
5.546875 9.765625 0.078125 0.078125
5.312500 9.687500 0.156250 0.156250
0
5.468750 9.765625 0.078125 0.078125
1
5.546875 9.765625 0.078125 0.078125
5.546875 9.765625 0.078125 0.078125
2
5.546875 9.843750 0.078125 0.078125
5.546875 9.687500 0.078125 0.078125
5.468750 9.687500 0.078125 0.078125
1
5.546875 9.687500 0.078125 0.078125
5.546875 9.687500 0.078125 0.078125
2
5.546875 9.765625 0.078125 0.078125
5.546875 9.609375 0.078125 0.078125
5.000000 9.375000 0.312500 0.312500
0
5.312500 9.531250 0.156250 0.156250
0
5.468750 9.609375 0.078125 0.078125
1
5.546875 9.609375 0.078125 0.078125
5.546875 9.609375 0.078125 0.078125
2
5.546875 9.687500 0.078125 0.078125
5.546875 9.531250 0.078125 0.078125
5.468750 9.531250 0.078125 0.078125
1
5.546875 9.531250 0.078125 0.078125
5.546875 9.531250 0.078125 0.078125
2
5.546875 9.609375 0.078125 0.078125
5.546875 9.453125 0.078125 0.078125
5.312500 9.375000 0.156250 0.156250
0
5.468750 9.453125 0.078125 0.078125
1
5.546875 9.453125 0.078125 0.078125
5.546875 9.453125 0.078125 0.078125
2
5.546875 9.531250 0.078125 0.078125
5.546875 9.375000 0.078125 0.078125
5.468750 9.375000 0.078125 0.078125
1
5.546875 9.375000 0.078125 0.078125
5.546875 9.375000 0.078125 0.078125
2
5.546875 9.453125 0.078125 0.078125
5.546875 9.296875 0.078125 0.078125
5.625000 9.375000 0.625000 0.625000
0
5.000000 9.062500 0.312500 0.312500
0
5.312500 9.218750 0.156250 0.156250
0
5.468750 9.296875 0.078125 0.078125
1
5.546875 9.296875 0.078125 0.078125
5.546875 9.296875 0.078125 0.078125
2
5.546875 9.375000 0.078125 0.078125
5.546875 9.218750 0.078125 0.078125
5.468750 9.218750 0.078125 0.078125
1
5.546875 9.218750 0.078125 0.078125
5.546875 9.218750 0.078125 0.078125
2
5.546875 9.296875 0.078125 0.078125
5.546875 9.140625 0.078125 0.078125
5.312500 9.062500 0.156250 0.156250
0
5.468750 9.140625 0.078125 0.078125
1
5.546875 9.140625 0.078125 0.078125
5.546875 9.140625 0.078125 0.078125
2
5.546875 9.218750 0.078125 0.078125
5.546875 9.062500 0.078125 0.078125
5.468750 9.062500 0.078125 0.078125
1
5.546875 9.062500 0.078125 0.078125
5.546875 9.062500 0.078125 0.078125
2
5.546875 9.140625 0.078125 0.078125
5.546875 8.984375 0.078125 0.078125
5.000000 8.750000 0.312500 0.312500
0
5.312500 8.906250 0.156250 0.156250
0
5.468750 8.984375 0.078125 0.078125
1
5.546875 8.984375 0.078125 0.078125
5.546875 8.984375 0.078125 0.078125
2
5.546875 9.062500 0.078125 0.078125
5.546875 8.906250 0.078125 0.078125
5.468750 8.906250 0.078125 0.078125
1
5.546875 8.906250 0.078125 0.078125
5.546875 8.906250 0.078125 0.078125
2
5.546875 8.984375 0.078125 0.078125
5.546875 8.828125 0.078125 0.078125
5.312500 8.750000 0.156250 0.156250
0
5.468750 8.828125 0.078125 0.078125
1
5.546875 8.828125 0.078125 0.078125
5.546875 8.828125 0.078125 0.078125
2
5.546875 8.906250 0.078125 0.078125
5.546875 8.750000 0.078125 0.078125
5.468750 8.750000 0.078125 0.078125
1
5.546875 8.750000 0.078125 0.078125
5.546875 8.750000 0.078125 0.078125
2
5.546875 8.828125 0.078125 0.078125
5.546875 8.671875 0.078125 0.078125
5.625000 8.750000 0.625000 0.625000
0
6.250000 8.750000 1.250000 1.250000
0
5.000000 8.437500 0.312500 0.312500
0
5.312500 8.593750 0.156250 0.156250
0
5.468750 8.671875 0.078125 0.078125
1
5.546875 8.671875 0.078125 0.078125
5.546875 8.671875 0.078125 0.078125
2
5.546875 8.750000 0.078125 0.078125
5.546875 8.593750 0.078125 0.078125
5.468750 8.593750 0.078125 0.078125
1
5.546875 8.593750 0.078125 0.078125
5.546875 8.593750 0.078125 0.078125
2
5.546875 8.671875 0.078125 0.078125
5.546875 8.515625 0.078125 0.078125
5.312500 8.437500 0.156250 0.156250
0
5.468750 8.515625 0.078125 0.078125
1
5.546875 8.515625 0.078125 0.078125
5.546875 8.515625 0.078125 0.078125
2
5.546875 8.593750 0.078125 0.078125
5.546875 8.437500 0.078125 0.078125
5.468750 8.437500 0.078125 0.078125
1
5.546875 8.437500 0.078125 0.078125
5.546875 8.437500 0.078125 0.078125
2
5.546875 8.515625 0.078125 0.078125
5.546875 8.359375 0.078125 0.078125
5.000000 8.125000 0.312500 0.312500
0
5.312500 8.281250 0.156250 0.156250
0
5.468750 8.359375 0.078125 0.078125
1
5.546875 8.359375 0.078125 0.078125
5.546875 8.359375 0.078125 0.078125
2
5.546875 8.437500 0.078125 0.078125
5.546875 8.281250 0.078125 0.078125
5.468750 8.281250 0.078125 0.078125
1
5.546875 8.281250 0.078125 0.078125
5.546875 8.281250 0.078125 0.078125
2
5.546875 8.359375 0.078125 0.078125
5.546875 8.203125 0.078125 0.078125
5.312500 8.125000 0.156250 0.156250
0
5.468750 8.203125 0.078125 0.078125
1
5.546875 8.203125 0.078125 0.078125
5.546875 8.203125 0.078125 0.078125
2
5.546875 8.281250 0.078125 0.078125
5.546875 8.125000 0.078125 0.078125
5.468750 8.125000 0.078125 0.078125
1
5.546875 8.125000 0.078125 0.078125
5.546875 8.125000 0.078125 0.078125
2
5.546875 8.203125 0.078125 0.078125
5.546875 8.046875 0.078125 0.078125
5.625000 8.125000 0.625000 0.625000
0
5.000000 7.812500 0.312500 0.312500
0
5.312500 7.968750 0.156250 0.156250
0
5.468750 8.046875 0.078125 0.078125
1
5.546875 8.046875 0.078125 0.078125
5.546875 8.046875 0.078125 0.078125
2
5.546875 8.125000 0.078125 0.078125
5.546875 7.968750 0.078125 0.078125
5.468750 7.968750 0.078125 0.078125
1
5.546875 7.968750 0.078125 0.078125
5.546875 7.968750 0.078125 0.078125
2
5.546875 8.046875 0.078125 0.078125
5.546875 7.890625 0.078125 0.078125
5.312500 7.812500 0.156250 0.156250
0
5.468750 7.890625 0.078125 0.078125
1
5.546875 7.890625 0.078125 0.078125
5.546875 7.890625 0.078125 0.078125
2
5.546875 7.968750 0.078125 0.078125
5.546875 7.812500 0.078125 0.078125
5.468750 7.812500 0.078125 0.078125
1
5.546875 7.812500 0.078125 0.078125
5.546875 7.812500 0.078125 0.078125
2
5.546875 7.890625 0.078125 0.078125
5.546875 7.734375 0.078125 0.078125
5.000000 7.500000 0.312500 0.312500
0
5.312500 7.656250 0.156250 0.156250
0
5.468750 7.734375 0.078125 0.078125
1
5.546875 7.734375 0.078125 0.078125
5.546875 7.734375 0.078125 0.078125
2
5.546875 7.812500 0.078125 0.078125
5.546875 7.656250 0.078125 0.078125
5.468750 7.656250 0.078125 0.078125
1
5.546875 7.656250 0.078125 0.078125
5.546875 7.656250 0.078125 0.078125
2
5.546875 7.734375 0.078125 0.078125
5.546875 7.578125 0.078125 0.078125
5.312500 7.500000 0.156250 0.156250
0
5.468750 7.578125 0.078125 0.078125
1
5.546875 7.578125 0.078125 0.078125
5.546875 7.578125 0.078125 0.078125
2
5.546875 7.656250 0.078125 0.078125
5.546875 7.500000 0.078125 0.078125
5.468750 7.500000 0.078125 0.078125
1
5.546875 7.500000 0.078125 0.078125
5.546875 7.500000 0.078125 0.078125
2
5.546875 7.578125 0.078125 0.078125
5.546875 7.421875 0.078125 0.078125
5.625000 7.500000 0.625000 0.625000
0
6.250000 7.500000 1.250000 1.250000
0
7.500000 9.687500 0.312500 0.312500
0
7.812500 9.843750 0.156250 0.156250
0
7.968750 9.921875 0.078125 0.078125
1
8.046875 9.921875 0.078125 0.078125
8.046875 9.921875 0.078125 0.078125
1
8.046875 9.843750 0.078125 0.078125
7.968750 9.843750 0.078125 0.078125
1
8.046875 9.843750 0.078125 0.078125
8.046875 9.843750 0.078125 0.078125
2
8.046875 9.921875 0.078125 0.078125
8.046875 9.765625 0.078125 0.078125
7.812500 9.687500 0.156250 0.156250
0
7.968750 9.765625 0.078125 0.078125
1
8.046875 9.765625 0.078125 0.078125
8.046875 9.765625 0.078125 0.078125
2
8.046875 9.843750 0.078125 0.078125
8.046875 9.687500 0.078125 0.078125
7.968750 9.687500 0.078125 0.078125
1
8.046875 9.687500 0.078125 0.078125
8.046875 9.687500 0.078125 0.078125
2
8.046875 9.765625 0.078125 0.078125
8.046875 9.609375 0.078125 0.078125
7.500000 9.375000 0.312500 0.312500
0
7.812500 9.531250 0.156250 0.156250
0
7.968750 9.609375 0.078125 0.078125
1
8.046875 9.609375 0.078125 0.078125
8.046875 9.609375 0.078125 0.078125
2
8.046875 9.687500 0.078125 0.078125
8.046875 9.531250 0.078125 0.078125
7.968750 9.531250 0.078125 0.078125
1
8.046875 9.531250 0.078125 0.078125
8.046875 9.531250 0.078125 0.078125
2
8.046875 9.609375 0.078125 0.078125
8.046875 9.453125 0.078125 0.078125
7.812500 9.375000 0.156250 0.156250
0
7.968750 9.453125 0.078125 0.078125
1
8.046875 9.453125 0.078125 0.078125
8.046875 9.453125 0.078125 0.078125
2
8.046875 9.531250 0.078125 0.078125
8.046875 9.375000 0.078125 0.078125
7.968750 9.375000 0.078125 0.078125
1
8.046875 9.375000 0.078125 0.078125
8.046875 9.375000 0.078125 0.078125
2
8.046875 9.453125 0.078125 0.078125
8.046875 9.296875 0.078125 0.078125
8.125000 9.375000 0.625000 0.625000
0
7.500000 9.062500 0.312500 0.312500
0
7.812500 9.218750 0.156250 0.156250
0
7.968750 9.296875 0.078125 0.078125
1
8.046875 9.296875 0.078125 0.078125
8.046875 9.296875 0.078125 0.078125
2
8.046875 9.375000 0.078125 0.078125
8.046875 9.218750 0.078125 0.078125
7.968750 9.218750 0.078125 0.078125
1
8.046875 9.218750 0.078125 0.078125
8.046875 9.218750 0.078125 0.078125
2
8.046875 9.296875 0.078125 0.078125
8.046875 9.140625 0.078125 0.078125
7.812500 9.062500 0.156250 0.156250
0
7.968750 9.140625 0.078125 0.078125
1
8.046875 9.140625 0.078125 0.078125
8.046875 9.140625 0.078125 0.078125
2
8.046875 9.218750 0.078125 0.078125
8.046875 9.062500 0.078125 0.078125
7.968750 9.062500 0.078125 0.078125
1
8.046875 9.062500 0.078125 0.078125
8.046875 9.062500 0.078125 0.078125
1
8.046875 9.140625 0.078125 0.078125
7.500000 8.750000 0.312500 0.312500
0
7.812500 8.906250 0.156250 0.156250
0
7.968750 8.984375 0.078125 0.078125
1
7.968750 8.906250 0.078125 0.078125
8.046875 8.984375 0.078125 0.078125
2
8.046875 9.062500 0.078125 0.078125
8.046875 8.906250 0.078125 0.078125
7.968750 8.906250 0.078125 0.078125
1
8.046875 8.906250 0.078125 0.078125
8.046875 8.906250 0.078125 0.078125
2
7.968750 8.906250 0.078125 0.078125
8.125000 8.906250 0.078125 0.078125
7.812500 8.750000 0.156250 0.156250
0
7.968750 8.750000 0.156250 0.156250
0
8.125000 9.062500 0.312500 0.312500
0
8.437500 9.062500 0.312500 0.312500
0
8.125000 8.984375 0.078125 0.078125
1
8.125000 8.906250 0.078125 0.078125
8.203125 8.984375 0.078125 0.078125
1
8.203125 8.906250 0.078125 0.078125
8.125000 8.906250 0.078125 0.078125
2
8.046875 8.906250 0.078125 0.078125
8.203125 8.906250 0.078125 0.078125
8.203125 8.906250 0.078125 0.078125
2
8.125000 8.906250 0.078125 0.078125
8.281250 8.906250 0.078125 0.078125
8.281250 8.984375 0.078125 0.078125
1
8.281250 8.906250 0.078125 0.078125
8.359375 8.984375 0.078125 0.078125
1
8.359375 8.906250 0.078125 0.078125
8.281250 8.906250 0.078125 0.078125
2
8.203125 8.906250 0.078125 0.078125
8.359375 8.906250 0.078125 0.078125
8.359375 8.906250 0.078125 0.078125
2
8.281250 8.906250 0.078125 0.078125
8.437500 8.906250 0.078125 0.078125
8.125000 8.750000 0.156250 0.156250
0
8.281250 8.750000 0.156250 0.156250
0
8.437500 8.984375 0.078125 0.078125
1
8.437500 8.906250 0.078125 0.078125
8.515625 8.984375 0.078125 0.078125
1
8.515625 8.906250 0.078125 0.078125
8.437500 8.906250 0.078125 0.078125
2
8.359375 8.906250 0.078125 0.078125
8.515625 8.906250 0.078125 0.078125
8.515625 8.906250 0.078125 0.078125
2
8.437500 8.906250 0.078125 0.078125
8.593750 8.906250 0.078125 0.078125
8.593750 8.984375 0.078125 0.078125
1
8.593750 8.906250 0.078125 0.078125
8.671875 8.984375 0.078125 0.078125
1
8.671875 8.906250 0.078125 0.078125
8.593750 8.906250 0.078125 0.078125
2
8.515625 8.906250 0.078125 0.078125
8.671875 8.906250 0.078125 0.078125
8.671875 8.906250 0.078125 0.078125
2
8.593750 8.906250 0.078125 0.078125
8.750000 8.906250 0.078125 0.078125
8.437500 8.750000 0.156250 0.156250
0
8.593750 8.750000 0.156250 0.156250
0
8.750000 9.375000 0.625000 0.625000
0
9.375000 9.687500 0.312500 0.312500
0
9.687500 9.843750 0.156250 0.156250
0
9.843750 9.921875 0.078125 0.078125
1
9.843750 9.843750 0.078125 0.078125
9.921875 9.921875 0.078125 0.078125
1
9.843750 9.921875 0.078125 0.078125
9.843750 9.843750 0.078125 0.078125
2
9.843750 9.921875 0.078125 0.078125
9.843750 9.765625 0.078125 0.078125
9.921875 9.843750 0.078125 0.078125
1
9.843750 9.843750 0.078125 0.078125
9.687500 9.687500 0.156250 0.156250
0
9.843750 9.765625 0.078125 0.078125
2
9.843750 9.843750 0.078125 0.078125
9.843750 9.687500 0.078125 0.078125
9.921875 9.765625 0.078125 0.078125
1
9.843750 9.765625 0.078125 0.078125
9.843750 9.687500 0.078125 0.078125
2
9.843750 9.765625 0.078125 0.078125
9.843750 9.609375 0.078125 0.078125
9.921875 9.687500 0.078125 0.078125
1
9.843750 9.687500 0.078125 0.078125
9.375000 9.375000 0.312500 0.312500
0
9.687500 9.531250 0.156250 0.156250
0
9.843750 9.609375 0.078125 0.078125
2
9.843750 9.687500 0.078125 0.078125
9.843750 9.531250 0.078125 0.078125
9.921875 9.609375 0.078125 0.078125
1
9.843750 9.609375 0.078125 0.078125
9.843750 9.531250 0.078125 0.078125
2
9.843750 9.609375 0.078125 0.078125
9.843750 9.453125 0.078125 0.078125
9.921875 9.531250 0.078125 0.078125
1
9.843750 9.531250 0.078125 0.078125
9.687500 9.375000 0.156250 0.156250
0
9.843750 9.453125 0.078125 0.078125
2
9.843750 9.531250 0.078125 0.078125
9.843750 9.375000 0.078125 0.078125
9.921875 9.453125 0.078125 0.078125
1
9.843750 9.453125 0.078125 0.078125
9.843750 9.375000 0.078125 0.078125
2
9.843750 9.453125 0.078125 0.078125
9.843750 9.296875 0.078125 0.078125
9.921875 9.375000 0.078125 0.078125
1
9.843750 9.375000 0.078125 0.078125
8.750000 9.062500 0.312500 0.312500
0
9.062500 9.062500 0.312500 0.312500
0
8.750000 8.984375 0.078125 0.078125
1
8.750000 8.906250 0.078125 0.078125
8.828125 8.984375 0.078125 0.078125
1
8.828125 8.906250 0.078125 0.078125
8.750000 8.906250 0.078125 0.078125
2
8.671875 8.906250 0.078125 0.078125
8.828125 8.906250 0.078125 0.078125
8.828125 8.906250 0.078125 0.078125
2
8.750000 8.906250 0.078125 0.078125
8.906250 8.906250 0.078125 0.078125
8.906250 8.984375 0.078125 0.078125
1
8.906250 8.906250 0.078125 0.078125
8.984375 8.984375 0.078125 0.078125
1
8.984375 8.906250 0.078125 0.078125
8.906250 8.906250 0.078125 0.078125
2
8.828125 8.906250 0.078125 0.078125
8.984375 8.906250 0.078125 0.078125
8.984375 8.906250 0.078125 0.078125
2
8.906250 8.906250 0.078125 0.078125
9.062500 8.906250 0.078125 0.078125
8.750000 8.750000 0.156250 0.156250
0
8.906250 8.750000 0.156250 0.156250
0
9.062500 8.984375 0.078125 0.078125
1
9.062500 8.906250 0.078125 0.078125
9.140625 8.984375 0.078125 0.078125
1
9.140625 8.906250 0.078125 0.078125
9.062500 8.906250 0.078125 0.078125
2
8.984375 8.906250 0.078125 0.078125
9.140625 8.906250 0.078125 0.078125
9.140625 8.906250 0.078125 0.078125
2
9.062500 8.906250 0.078125 0.078125
9.218750 8.906250 0.078125 0.078125
9.218750 8.984375 0.078125 0.078125
1
9.218750 8.906250 0.078125 0.078125
9.296875 8.984375 0.078125 0.078125
1
9.296875 8.906250 0.078125 0.078125
9.218750 8.906250 0.078125 0.078125
2
9.140625 8.906250 0.078125 0.078125
9.296875 8.906250 0.078125 0.078125
9.296875 8.906250 0.078125 0.078125
2
9.218750 8.906250 0.078125 0.078125
9.375000 8.906250 0.078125 0.078125
9.062500 8.750000 0.156250 0.156250
0
9.218750 8.750000 0.156250 0.156250
0
9.375000 9.062500 0.312500 0.312500
0
9.687500 9.218750 0.156250 0.156250
0
9.843750 9.296875 0.078125 0.078125
2
9.843750 9.375000 0.078125 0.078125
9.843750 9.218750 0.078125 0.078125
9.921875 9.296875 0.078125 0.078125
1
9.843750 9.296875 0.078125 0.078125
9.843750 9.218750 0.078125 0.078125
2
9.843750 9.296875 0.078125 0.078125
9.843750 9.140625 0.078125 0.078125
9.921875 9.218750 0.078125 0.078125
1
9.843750 9.218750 0.078125 0.078125
9.687500 9.062500 0.156250 0.156250
0
9.843750 9.140625 0.078125 0.078125
2
9.843750 9.218750 0.078125 0.078125
9.843750 9.062500 0.078125 0.078125
9.921875 9.140625 0.078125 0.078125
1
9.843750 9.140625 0.078125 0.078125
9.843750 9.062500 0.078125 0.078125
1
9.843750 9.140625 0.078125 0.078125
9.921875 9.062500 0.078125 0.078125
1
9.843750 9.062500 0.078125 0.078125
9.375000 8.984375 0.078125 0.078125
1
9.375000 8.906250 0.078125 0.078125
9.453125 8.984375 0.078125 0.078125
1
9.453125 8.906250 0.078125 0.078125
9.375000 8.906250 0.078125 0.078125
2
9.296875 8.906250 0.078125 0.078125
9.453125 8.906250 0.078125 0.078125
9.453125 8.906250 0.078125 0.078125
2
9.375000 8.906250 0.078125 0.078125
9.531250 8.906250 0.078125 0.078125
9.531250 8.984375 0.078125 0.078125
1
9.531250 8.906250 0.078125 0.078125
9.609375 8.984375 0.078125 0.078125
1
9.609375 8.906250 0.078125 0.078125
9.531250 8.906250 0.078125 0.078125
2
9.453125 8.906250 0.078125 0.078125
9.609375 8.906250 0.078125 0.078125
9.609375 8.906250 0.078125 0.078125
2
9.531250 8.906250 0.078125 0.078125
9.687500 8.906250 0.078125 0.078125
9.375000 8.750000 0.156250 0.156250
0
9.531250 8.750000 0.156250 0.156250
0
9.687500 8.984375 0.078125 0.078125
1
9.687500 8.906250 0.078125 0.078125
9.765625 8.984375 0.078125 0.078125
1
9.765625 8.906250 0.078125 0.078125
9.687500 8.906250 0.078125 0.078125
2
9.609375 8.906250 0.078125 0.078125
9.765625 8.906250 0.078125 0.078125
9.765625 8.906250 0.078125 0.078125
2
9.687500 8.906250 0.078125 0.078125
9.843750 8.906250 0.078125 0.078125
9.843750 8.984375 0.078125 0.078125
2
9.843750 9.062500 0.078125 0.078125
9.843750 8.906250 0.078125 0.078125
9.921875 8.984375 0.078125 0.078125
1
9.921875 8.906250 0.078125 0.078125
9.843750 8.906250 0.078125 0.078125
2
9.765625 8.906250 0.078125 0.078125
9.921875 8.906250 0.078125 0.078125
9.921875 8.906250 0.078125 0.078125
1
9.843750 8.906250 0.078125 0.078125
9.687500 8.750000 0.156250 0.156250
0
9.843750 8.750000 0.156250 0.156250
0
7.500000 7.500000 1.250000 1.250000
0
8.750000 7.500000 1.250000 1.250000
0
5.000000 7.187500 0.312500 0.312500
0
5.312500 7.343750 0.156250 0.156250
0
5.468750 7.421875 0.078125 0.078125
1
5.546875 7.421875 0.078125 0.078125
5.546875 7.421875 0.078125 0.078125
2
5.546875 7.500000 0.078125 0.078125
5.546875 7.343750 0.078125 0.078125
5.468750 7.343750 0.078125 0.078125
1
5.546875 7.343750 0.078125 0.078125
5.546875 7.343750 0.078125 0.078125
2
5.546875 7.421875 0.078125 0.078125
5.546875 7.265625 0.078125 0.078125
5.312500 7.187500 0.156250 0.156250
0
5.468750 7.265625 0.078125 0.078125
1
5.546875 7.265625 0.078125 0.078125
5.546875 7.265625 0.078125 0.078125
2
5.546875 7.343750 0.078125 0.078125
5.546875 7.187500 0.078125 0.078125
5.468750 7.187500 0.078125 0.078125
1
5.546875 7.187500 0.078125 0.078125
5.546875 7.187500 0.078125 0.078125
2
5.546875 7.265625 0.078125 0.078125
5.546875 7.109375 0.078125 0.078125
5.000000 7.031250 0.156250 0.156250
0
5.156250 7.031250 0.156250 0.156250
0
5.000000 6.953125 0.078125 0.078125
1
5.000000 6.875000 0.078125 0.078125
5.078125 6.953125 0.078125 0.078125
1
5.078125 6.875000 0.078125 0.078125
5.000000 6.875000 0.078125 0.078125
2
4.921875 6.875000 0.078125 0.078125
5.078125 6.875000 0.078125 0.078125
5.078125 6.875000 0.078125 0.078125
2
5.000000 6.875000 0.078125 0.078125
5.156250 6.875000 0.078125 0.078125
5.156250 6.953125 0.078125 0.078125
1
5.156250 6.875000 0.078125 0.078125
5.234375 6.953125 0.078125 0.078125
1
5.234375 6.875000 0.078125 0.078125
5.156250 6.875000 0.078125 0.078125
2
5.078125 6.875000 0.078125 0.078125
5.234375 6.875000 0.078125 0.078125
5.234375 6.875000 0.078125 0.078125
2
5.156250 6.875000 0.078125 0.078125
5.312500 6.875000 0.078125 0.078125
5.312500 7.031250 0.156250 0.156250
0
5.468750 7.109375 0.078125 0.078125
1
5.546875 7.109375 0.078125 0.078125
5.546875 7.109375 0.078125 0.078125
2
5.546875 7.187500 0.078125 0.078125
5.546875 7.031250 0.078125 0.078125
5.468750 7.031250 0.078125 0.078125
1
5.546875 7.031250 0.078125 0.078125
5.546875 7.031250 0.078125 0.078125
2
5.546875 7.109375 0.078125 0.078125
5.546875 6.953125 0.078125 0.078125
5.312500 6.953125 0.078125 0.078125
1
5.312500 6.875000 0.078125 0.078125
5.390625 6.953125 0.078125 0.078125
1
5.390625 6.875000 0.078125 0.078125
5.312500 6.875000 0.078125 0.078125
2
5.234375 6.875000 0.078125 0.078125
5.390625 6.875000 0.078125 0.078125
5.390625 6.875000 0.078125 0.078125
2
5.312500 6.875000 0.078125 0.078125
5.468750 6.875000 0.078125 0.078125
5.468750 6.953125 0.078125 0.078125
2
5.546875 6.953125 0.078125 0.078125
5.468750 6.875000 0.078125 0.078125
5.546875 6.953125 0.078125 0.078125
2
5.546875 7.031250 0.078125 0.078125
5.546875 6.875000 0.078125 0.078125
5.468750 6.875000 0.078125 0.078125
2
5.390625 6.875000 0.078125 0.078125
5.546875 6.875000 0.078125 0.078125
5.546875 6.875000 0.078125 0.078125
2
5.546875 6.953125 0.078125 0.078125
5.468750 6.875000 0.078125 0.078125
5.625000 6.875000 0.625000 0.625000
0
5.000000 6.250000 0.625000 0.625000
0
5.625000 6.250000 0.625000 0.625000
0
6.250000 6.250000 1.250000 1.250000
0
5.000000 5.000000 1.250000 1.250000
0
6.250000 5.000000 1.250000 1.250000
0
7.500000 5.000000 2.500000 2.500000
0
0.000000 3.750000 1.250000 1.250000
0
1.250000 3.750000 1.250000 1.250000
0
0.000000 2.500000 1.250000 1.250000
0
1.250000 3.125000 0.625000 0.625000
0
1.875000 3.437500 0.312500 0.312500
0
2.187500 3.593750 0.156250 0.156250
0
2.343750 3.593750 0.156250 0.156250
0
2.187500 3.437500 0.156250 0.156250
0
2.343750 3.515625 0.078125 0.078125
2
2.421875 3.515625 0.078125 0.078125
2.343750 3.437500 0.078125 0.078125
2.421875 3.515625 0.078125 0.078125
2
2.343750 3.515625 0.078125 0.078125
2.500000 3.515625 0.078125 0.078125
2.343750 3.437500 0.078125 0.078125
2
2.343750 3.515625 0.078125 0.078125
2.343750 3.359375 0.078125 0.078125
2.421875 3.437500 0.078125 0.078125
2
2.421875 3.515625 0.078125 0.078125
2.343750 3.437500 0.078125 0.078125
1.875000 3.125000 0.312500 0.312500
0
2.187500 3.281250 0.156250 0.156250
0
2.343750 3.359375 0.078125 0.078125
2
2.343750 3.437500 0.078125 0.078125
2.343750 3.281250 0.078125 0.078125
2.421875 3.359375 0.078125 0.078125
1
2.343750 3.359375 0.078125 0.078125
2.343750 3.281250 0.078125 0.078125
2
2.343750 3.359375 0.078125 0.078125
2.343750 3.203125 0.078125 0.078125
2.421875 3.281250 0.078125 0.078125
1
2.343750 3.281250 0.078125 0.078125
2.187500 3.125000 0.156250 0.156250
0
2.343750 3.203125 0.078125 0.078125
2
2.343750 3.281250 0.078125 0.078125
2.343750 3.125000 0.078125 0.078125
2.421875 3.203125 0.078125 0.078125
1
2.343750 3.203125 0.078125 0.078125
2.343750 3.125000 0.078125 0.078125
2
2.343750 3.203125 0.078125 0.078125
2.343750 3.046875 0.078125 0.078125
2.421875 3.125000 0.078125 0.078125
1
2.343750 3.125000 0.078125 0.078125
1.250000 2.500000 0.625000 0.625000
0
1.875000 2.812500 0.312500 0.312500
0
2.187500 2.968750 0.156250 0.156250
0
2.343750 3.046875 0.078125 0.078125
2
2.343750 3.125000 0.078125 0.078125
2.343750 2.968750 0.078125 0.078125
2.421875 3.046875 0.078125 0.078125
1
2.343750 3.046875 0.078125 0.078125
2.343750 2.968750 0.078125 0.078125
2
2.343750 3.046875 0.078125 0.078125
2.343750 2.890625 0.078125 0.078125
2.421875 2.968750 0.078125 0.078125
1
2.343750 2.968750 0.078125 0.078125
2.187500 2.812500 0.156250 0.156250
0
2.343750 2.890625 0.078125 0.078125
2
2.343750 2.968750 0.078125 0.078125
2.343750 2.812500 0.078125 0.078125
2.421875 2.890625 0.078125 0.078125
1
2.343750 2.890625 0.078125 0.078125
2.343750 2.812500 0.078125 0.078125
2
2.343750 2.890625 0.078125 0.078125
2.343750 2.734375 0.078125 0.078125
2.421875 2.812500 0.078125 0.078125
1
2.343750 2.812500 0.078125 0.078125
1.875000 2.500000 0.312500 0.312500
0
2.187500 2.656250 0.156250 0.156250
0
2.343750 2.734375 0.078125 0.078125
2
2.343750 2.812500 0.078125 0.078125
2.343750 2.656250 0.078125 0.078125
2.421875 2.734375 0.078125 0.078125
1
2.343750 2.734375 0.078125 0.078125
2.343750 2.656250 0.078125 0.078125
2
2.343750 2.734375 0.078125 0.078125
2.343750 2.578125 0.078125 0.078125
2.421875 2.656250 0.078125 0.078125
1
2.343750 2.656250 0.078125 0.078125
2.187500 2.500000 0.156250 0.156250
0
2.343750 2.578125 0.078125 0.078125
2
2.343750 2.656250 0.078125 0.078125
2.343750 2.500000 0.078125 0.078125
2.421875 2.578125 0.078125 0.078125
1
2.343750 2.578125 0.078125 0.078125
2.343750 2.500000 0.078125 0.078125
2
2.343750 2.578125 0.078125 0.078125
2.343750 2.421875 0.078125 0.078125
2.421875 2.500000 0.078125 0.078125
1
2.343750 2.500000 0.078125 0.078125
2.500000 3.750000 1.250000 1.250000
0
3.750000 4.375000 0.625000 0.625000
0
4.375000 4.687500 0.312500 0.312500
0
4.687500 4.843750 0.156250 0.156250
0
4.843750 4.843750 0.156250 0.156250
0
4.687500 4.687500 0.156250 0.156250
0
4.843750 4.765625 0.078125 0.078125
2
4.921875 4.765625 0.078125 0.078125
4.843750 4.687500 0.078125 0.078125
4.921875 4.765625 0.078125 0.078125
2
4.843750 4.765625 0.078125 0.078125
5.000000 4.765625 0.078125 0.078125
4.843750 4.687500 0.078125 0.078125
2
4.843750 4.765625 0.078125 0.078125
4.843750 4.609375 0.078125 0.078125
4.921875 4.687500 0.078125 0.078125
2
4.921875 4.765625 0.078125 0.078125
4.843750 4.687500 0.078125 0.078125
4.375000 4.375000 0.312500 0.312500
0
4.687500 4.531250 0.156250 0.156250
0
4.843750 4.609375 0.078125 0.078125
2
4.843750 4.687500 0.078125 0.078125
4.843750 4.531250 0.078125 0.078125
4.921875 4.609375 0.078125 0.078125
1
4.843750 4.609375 0.078125 0.078125
4.843750 4.531250 0.078125 0.078125
2
4.843750 4.609375 0.078125 0.078125
4.843750 4.453125 0.078125 0.078125
4.921875 4.531250 0.078125 0.078125
1
4.843750 4.531250 0.078125 0.078125
4.687500 4.375000 0.156250 0.156250
0
4.843750 4.453125 0.078125 0.078125
2
4.843750 4.531250 0.078125 0.078125
4.843750 4.375000 0.078125 0.078125
4.921875 4.453125 0.078125 0.078125
1
4.843750 4.453125 0.078125 0.078125
4.843750 4.375000 0.078125 0.078125
2
4.843750 4.453125 0.078125 0.078125
4.843750 4.296875 0.078125 0.078125
4.921875 4.375000 0.078125 0.078125
1
4.843750 4.375000 0.078125 0.078125
3.750000 3.750000 0.625000 0.625000
0
4.375000 4.062500 0.312500 0.312500
0
4.687500 4.218750 0.156250 0.156250
0
4.843750 4.296875 0.078125 0.078125
2
4.843750 4.375000 0.078125 0.078125
4.843750 4.218750 0.078125 0.078125
4.921875 4.296875 0.078125 0.078125
1
4.843750 4.296875 0.078125 0.078125
4.843750 4.218750 0.078125 0.078125
2
4.843750 4.296875 0.078125 0.078125
4.843750 4.140625 0.078125 0.078125
4.921875 4.218750 0.078125 0.078125
1
4.843750 4.218750 0.078125 0.078125
4.687500 4.062500 0.156250 0.156250
0
4.843750 4.140625 0.078125 0.078125
2
4.843750 4.218750 0.078125 0.078125
4.843750 4.062500 0.078125 0.078125
4.921875 4.140625 0.078125 0.078125
1
4.843750 4.140625 0.078125 0.078125
4.843750 4.062500 0.078125 0.078125
2
4.843750 4.140625 0.078125 0.078125
4.843750 3.984375 0.078125 0.078125
4.921875 4.062500 0.078125 0.078125
1
4.843750 4.062500 0.078125 0.078125
4.375000 3.750000 0.312500 0.312500
0
4.687500 3.906250 0.156250 0.156250
0
4.843750 3.984375 0.078125 0.078125
2
4.843750 4.062500 0.078125 0.078125
4.843750 3.906250 0.078125 0.078125
4.921875 3.984375 0.078125 0.078125
1
4.843750 3.984375 0.078125 0.078125
4.843750 3.906250 0.078125 0.078125
2
4.843750 3.984375 0.078125 0.078125
4.843750 3.828125 0.078125 0.078125
4.921875 3.906250 0.078125 0.078125
1
4.843750 3.906250 0.078125 0.078125
4.687500 3.750000 0.156250 0.156250
0
4.843750 3.828125 0.078125 0.078125
2
4.843750 3.906250 0.078125 0.078125
4.843750 3.750000 0.078125 0.078125
4.921875 3.828125 0.078125 0.078125
1
4.843750 3.828125 0.078125 0.078125
4.843750 3.750000 0.078125 0.078125
2
4.843750 3.828125 0.078125 0.078125
4.843750 3.671875 0.078125 0.078125
4.921875 3.750000 0.078125 0.078125
1
4.843750 3.750000 0.078125 0.078125
2.500000 3.593750 0.156250 0.156250
0
2.656250 3.593750 0.156250 0.156250
0
2.500000 3.515625 0.078125 0.078125
2
2.421875 3.515625 0.078125 0.078125
2.578125 3.515625 0.078125 0.078125
2.578125 3.515625 0.078125 0.078125
2
2.500000 3.515625 0.078125 0.078125
2.656250 3.515625 0.078125 0.078125
2.500000 3.437500 0.078125 0.078125
1
2.500000 3.515625 0.078125 0.078125
2.578125 3.437500 0.078125 0.078125
2
2.578125 3.515625 0.078125 0.078125
2.578125 3.359375 0.078125 0.078125
2.656250 3.515625 0.078125 0.078125
2
2.578125 3.515625 0.078125 0.078125
2.734375 3.515625 0.078125 0.078125
2.734375 3.515625 0.078125 0.078125
2
2.656250 3.515625 0.078125 0.078125
2.812500 3.515625 0.078125 0.078125
2.656250 3.437500 0.078125 0.078125
1
2.656250 3.515625 0.078125 0.078125
2.734375 3.437500 0.078125 0.078125
1
2.734375 3.515625 0.078125 0.078125
2.812500 3.593750 0.156250 0.156250
0
2.968750 3.593750 0.156250 0.156250
0
2.812500 3.515625 0.078125 0.078125
2
2.734375 3.515625 0.078125 0.078125
2.890625 3.515625 0.078125 0.078125
2.890625 3.515625 0.078125 0.078125
2
2.812500 3.515625 0.078125 0.078125
2.968750 3.515625 0.078125 0.078125
2.812500 3.437500 0.078125 0.078125
1
2.812500 3.515625 0.078125 0.078125
2.890625 3.437500 0.078125 0.078125
1
2.890625 3.515625 0.078125 0.078125
2.968750 3.515625 0.078125 0.078125
2
2.890625 3.515625 0.078125 0.078125
3.046875 3.515625 0.078125 0.078125
3.046875 3.515625 0.078125 0.078125
2
2.968750 3.515625 0.078125 0.078125
3.125000 3.515625 0.078125 0.078125
2.968750 3.437500 0.078125 0.078125
1
2.968750 3.515625 0.078125 0.078125
3.046875 3.437500 0.078125 0.078125
1
3.046875 3.515625 0.078125 0.078125
2.500000 3.359375 0.078125 0.078125
1
2.578125 3.359375 0.078125 0.078125
2.578125 3.359375 0.078125 0.078125
1
2.578125 3.281250 0.078125 0.078125
2.500000 3.281250 0.078125 0.078125
1
2.578125 3.281250 0.078125 0.078125
2.578125 3.281250 0.078125 0.078125
2
2.578125 3.359375 0.078125 0.078125
2.578125 3.203125 0.078125 0.078125
2.656250 3.281250 0.156250 0.156250
0
2.500000 3.203125 0.078125 0.078125
1
2.578125 3.203125 0.078125 0.078125
2.578125 3.203125 0.078125 0.078125
2
2.578125 3.281250 0.078125 0.078125
2.578125 3.125000 0.078125 0.078125
2.500000 3.125000 0.078125 0.078125
1
2.578125 3.125000 0.078125 0.078125
2.578125 3.125000 0.078125 0.078125
2
2.578125 3.203125 0.078125 0.078125
2.578125 3.046875 0.078125 0.078125
2.656250 3.125000 0.156250 0.156250
0
2.812500 3.125000 0.312500 0.312500
0
3.125000 3.593750 0.156250 0.156250
0
3.281250 3.593750 0.156250 0.156250
0
3.125000 3.515625 0.078125 0.078125
2
3.046875 3.515625 0.078125 0.078125
3.203125 3.515625 0.078125 0.078125
3.203125 3.515625 0.078125 0.078125
2
3.125000 3.515625 0.078125 0.078125
3.281250 3.515625 0.078125 0.078125
3.125000 3.437500 0.078125 0.078125
1
3.125000 3.515625 0.078125 0.078125
3.203125 3.437500 0.078125 0.078125
1
3.203125 3.515625 0.078125 0.078125
3.281250 3.515625 0.078125 0.078125
2
3.203125 3.515625 0.078125 0.078125
3.359375 3.515625 0.078125 0.078125
3.359375 3.515625 0.078125 0.078125
2
3.281250 3.515625 0.078125 0.078125
3.437500 3.515625 0.078125 0.078125
3.281250 3.437500 0.078125 0.078125
1
3.281250 3.515625 0.078125 0.078125
3.359375 3.437500 0.078125 0.078125
1
3.359375 3.515625 0.078125 0.078125
3.437500 3.593750 0.156250 0.156250
0
3.593750 3.593750 0.156250 0.156250
0
3.437500 3.515625 0.078125 0.078125
2
3.359375 3.515625 0.078125 0.078125
3.515625 3.515625 0.078125 0.078125
3.515625 3.515625 0.078125 0.078125
2
3.437500 3.515625 0.078125 0.078125
3.515625 3.437500 0.078125 0.078125
3.437500 3.437500 0.078125 0.078125
2
3.437500 3.515625 0.078125 0.078125
3.515625 3.437500 0.078125 0.078125
3.515625 3.437500 0.078125 0.078125
2
3.515625 3.515625 0.078125 0.078125
3.515625 3.359375 0.078125 0.078125
3.593750 3.437500 0.156250 0.156250
0
3.125000 3.125000 0.312500 0.312500
0
3.437500 3.359375 0.078125 0.078125
1
3.515625 3.359375 0.078125 0.078125
3.515625 3.359375 0.078125 0.078125
2
3.515625 3.437500 0.078125 0.078125
3.515625 3.281250 0.078125 0.078125
3.437500 3.281250 0.078125 0.078125
1
3.515625 3.281250 0.078125 0.078125
3.515625 3.281250 0.078125 0.078125
2
3.515625 3.359375 0.078125 0.078125
3.515625 3.203125 0.078125 0.078125
3.593750 3.281250 0.156250 0.156250
0
3.437500 3.203125 0.078125 0.078125
1
3.515625 3.203125 0.078125 0.078125
3.515625 3.203125 0.078125 0.078125
2
3.515625 3.281250 0.078125 0.078125
3.515625 3.125000 0.078125 0.078125
3.437500 3.125000 0.078125 0.078125
1
3.515625 3.125000 0.078125 0.078125
3.515625 3.125000 0.078125 0.078125
2
3.515625 3.203125 0.078125 0.078125
3.515625 3.046875 0.078125 0.078125
3.593750 3.125000 0.156250 0.156250
0
2.500000 3.046875 0.078125 0.078125
1
2.578125 3.046875 0.078125 0.078125
2.578125 3.046875 0.078125 0.078125
2
2.578125 3.125000 0.078125 0.078125
2.578125 2.968750 0.078125 0.078125
2.500000 2.968750 0.078125 0.078125
1
2.578125 2.968750 0.078125 0.078125
2.578125 2.968750 0.078125 0.078125
2
2.578125 3.046875 0.078125 0.078125
2.578125 2.890625 0.078125 0.078125
2.656250 2.968750 0.156250 0.156250
0
2.500000 2.890625 0.078125 0.078125
1
2.578125 2.890625 0.078125 0.078125
2.578125 2.890625 0.078125 0.078125
2
2.578125 2.968750 0.078125 0.078125
2.578125 2.812500 0.078125 0.078125
2.500000 2.812500 0.078125 0.078125
1
2.578125 2.812500 0.078125 0.078125
2.578125 2.812500 0.078125 0.078125
2
2.578125 2.890625 0.078125 0.078125
2.578125 2.734375 0.078125 0.078125
2.656250 2.812500 0.156250 0.156250
0
2.812500 2.812500 0.312500 0.312500
0
2.500000 2.734375 0.078125 0.078125
1
2.578125 2.734375 0.078125 0.078125
2.578125 2.734375 0.078125 0.078125
2
2.578125 2.812500 0.078125 0.078125
2.578125 2.656250 0.078125 0.078125
2.500000 2.656250 0.078125 0.078125
1
2.578125 2.656250 0.078125 0.078125
2.578125 2.656250 0.078125 0.078125
2
2.578125 2.734375 0.078125 0.078125
2.578125 2.578125 0.078125 0.078125
2.656250 2.656250 0.156250 0.156250
0
2.500000 2.578125 0.078125 0.078125
1
2.578125 2.578125 0.078125 0.078125
2.578125 2.578125 0.078125 0.078125
2
2.578125 2.656250 0.078125 0.078125
2.656250 2.578125 0.078125 0.078125
2.500000 2.500000 0.078125 0.078125
0
2.578125 2.500000 0.078125 0.078125
1
2.578125 2.578125 0.078125 0.078125
2.656250 2.578125 0.078125 0.078125
2
2.578125 2.578125 0.078125 0.078125
2.734375 2.578125 0.078125 0.078125
2.734375 2.578125 0.078125 0.078125
2
2.656250 2.578125 0.078125 0.078125
2.812500 2.578125 0.078125 0.078125
2.656250 2.500000 0.078125 0.078125
1
2.656250 2.578125 0.078125 0.078125
2.734375 2.500000 0.078125 0.078125
1
2.734375 2.578125 0.078125 0.078125
2.812500 2.656250 0.156250 0.156250
0
2.968750 2.656250 0.156250 0.156250
0
2.812500 2.578125 0.078125 0.078125
2
2.734375 2.578125 0.078125 0.078125
2.890625 2.578125 0.078125 0.078125
2.890625 2.578125 0.078125 0.078125
2
2.812500 2.578125 0.078125 0.078125
2.968750 2.578125 0.078125 0.078125
2.812500 2.500000 0.078125 0.078125
1
2.812500 2.578125 0.078125 0.078125
2.890625 2.500000 0.078125 0.078125
1
2.890625 2.578125 0.078125 0.078125
2.968750 2.578125 0.078125 0.078125
2
2.890625 2.578125 0.078125 0.078125
3.046875 2.578125 0.078125 0.078125
3.046875 2.578125 0.078125 0.078125
2
2.968750 2.578125 0.078125 0.078125
3.125000 2.578125 0.078125 0.078125
2.968750 2.500000 0.078125 0.078125
1
2.968750 2.578125 0.078125 0.078125
3.046875 2.500000 0.078125 0.078125
1
3.046875 2.578125 0.078125 0.078125
3.125000 2.812500 0.312500 0.312500
0
3.437500 3.046875 0.078125 0.078125
1
3.515625 3.046875 0.078125 0.078125
3.515625 3.046875 0.078125 0.078125
2
3.515625 3.125000 0.078125 0.078125
3.515625 2.968750 0.078125 0.078125
3.437500 2.968750 0.078125 0.078125
1
3.515625 2.968750 0.078125 0.078125
3.515625 2.968750 0.078125 0.078125
2
3.515625 3.046875 0.078125 0.078125
3.515625 2.890625 0.078125 0.078125
3.593750 2.968750 0.156250 0.156250
0
3.437500 2.890625 0.078125 0.078125
1
3.515625 2.890625 0.078125 0.078125
3.515625 2.890625 0.078125 0.078125
2
3.515625 2.968750 0.078125 0.078125
3.515625 2.812500 0.078125 0.078125
3.437500 2.812500 0.078125 0.078125
1
3.515625 2.812500 0.078125 0.078125
3.515625 2.812500 0.078125 0.078125
2
3.515625 2.890625 0.078125 0.078125
3.515625 2.734375 0.078125 0.078125
3.593750 2.812500 0.156250 0.156250
0
3.125000 2.656250 0.156250 0.156250
0
3.281250 2.656250 0.156250 0.156250
0
3.125000 2.578125 0.078125 0.078125
2
3.046875 2.578125 0.078125 0.078125
3.203125 2.578125 0.078125 0.078125
3.203125 2.578125 0.078125 0.078125
2
3.125000 2.578125 0.078125 0.078125
3.281250 2.578125 0.078125 0.078125
3.125000 2.500000 0.078125 0.078125
1
3.125000 2.578125 0.078125 0.078125
3.203125 2.500000 0.078125 0.078125
1
3.203125 2.578125 0.078125 0.078125
3.281250 2.578125 0.078125 0.078125
2
3.203125 2.578125 0.078125 0.078125
3.359375 2.578125 0.078125 0.078125
3.359375 2.578125 0.078125 0.078125
1
3.281250 2.578125 0.078125 0.078125
3.281250 2.500000 0.078125 0.078125
1
3.281250 2.578125 0.078125 0.078125
3.359375 2.500000 0.078125 0.078125
1
3.359375 2.578125 0.078125 0.078125
3.437500 2.734375 0.078125 0.078125
1
3.515625 2.734375 0.078125 0.078125
3.515625 2.734375 0.078125 0.078125
2
3.515625 2.812500 0.078125 0.078125
3.515625 2.656250 0.078125 0.078125
3.437500 2.656250 0.078125 0.078125
1
3.515625 2.656250 0.078125 0.078125
3.515625 2.656250 0.078125 0.078125
2
3.515625 2.734375 0.078125 0.078125
3.515625 2.578125 0.078125 0.078125
3.593750 2.656250 0.156250 0.156250
0
3.437500 2.578125 0.078125 0.078125
2
3.359375 2.578125 0.078125 0.078125
3.515625 2.578125 0.078125 0.078125
3.515625 2.578125 0.078125 0.078125
2
3.515625 2.656250 0.078125 0.078125
3.515625 2.500000 0.078125 0.078125
3.437500 2.500000 0.078125 0.078125
1
3.515625 2.500000 0.078125 0.078125
3.515625 2.500000 0.078125 0.078125
2
3.515625 2.578125 0.078125 0.078125
3.515625 2.421875 0.078125 0.078125
3.593750 2.500000 0.156250 0.156250
0
3.750000 3.125000 0.625000 0.625000
0
4.375000 3.437500 0.312500 0.312500
0
4.687500 3.593750 0.156250 0.156250
0
4.843750 3.671875 0.078125 0.078125
2
4.843750 3.750000 0.078125 0.078125
4.843750 3.593750 0.078125 0.078125
4.921875 3.671875 0.078125 0.078125
1
4.843750 3.671875 0.078125 0.078125
4.843750 3.593750 0.078125 0.078125
2
4.843750 3.671875 0.078125 0.078125
4.843750 3.515625 0.078125 0.078125
4.921875 3.593750 0.078125 0.078125
1
4.843750 3.593750 0.078125 0.078125
4.687500 3.437500 0.156250 0.156250
0
4.843750 3.515625 0.078125 0.078125
2
4.843750 3.593750 0.078125 0.078125
4.843750 3.437500 0.078125 0.078125
4.921875 3.515625 0.078125 0.078125
1
4.843750 3.515625 0.078125 0.078125
4.843750 3.437500 0.078125 0.078125
2
4.843750 3.515625 0.078125 0.078125
4.843750 3.359375 0.078125 0.078125
4.921875 3.437500 0.078125 0.078125
1
4.843750 3.437500 0.078125 0.078125
4.375000 3.125000 0.312500 0.312500
0
4.687500 3.281250 0.156250 0.156250
0
4.843750 3.359375 0.078125 0.078125
2
4.843750 3.437500 0.078125 0.078125
4.843750 3.281250 0.078125 0.078125
4.921875 3.359375 0.078125 0.078125
1
4.843750 3.359375 0.078125 0.078125
4.843750 3.281250 0.078125 0.078125
2
4.843750 3.359375 0.078125 0.078125
4.843750 3.203125 0.078125 0.078125
4.921875 3.281250 0.078125 0.078125
1
4.843750 3.281250 0.078125 0.078125
4.687500 3.125000 0.156250 0.156250
0
4.843750 3.203125 0.078125 0.078125
2
4.843750 3.281250 0.078125 0.078125
4.843750 3.125000 0.078125 0.078125
4.921875 3.203125 0.078125 0.078125
1
4.843750 3.203125 0.078125 0.078125
4.843750 3.125000 0.078125 0.078125
2
4.843750 3.203125 0.078125 0.078125
4.843750 3.046875 0.078125 0.078125
4.921875 3.125000 0.078125 0.078125
1
4.843750 3.125000 0.078125 0.078125
3.750000 2.500000 0.625000 0.625000
0
4.375000 2.812500 0.312500 0.312500
0
4.687500 2.968750 0.156250 0.156250
0
4.843750 3.046875 0.078125 0.078125
2
4.843750 3.125000 0.078125 0.078125
4.843750 2.968750 0.078125 0.078125
4.921875 3.046875 0.078125 0.078125
1
4.843750 3.046875 0.078125 0.078125
4.843750 2.968750 0.078125 0.078125
2
4.843750 3.046875 0.078125 0.078125
4.843750 2.890625 0.078125 0.078125
4.921875 2.968750 0.078125 0.078125
1
4.843750 2.968750 0.078125 0.078125
4.687500 2.812500 0.156250 0.156250
0
4.843750 2.890625 0.078125 0.078125
2
4.843750 2.968750 0.078125 0.078125
4.843750 2.812500 0.078125 0.078125
4.921875 2.890625 0.078125 0.078125
1
4.843750 2.890625 0.078125 0.078125
4.843750 2.812500 0.078125 0.078125
2
4.843750 2.890625 0.078125 0.078125
4.843750 2.734375 0.078125 0.078125
4.921875 2.812500 0.078125 0.078125
1
4.843750 2.812500 0.078125 0.078125
4.375000 2.500000 0.312500 0.312500
0
4.687500 2.656250 0.156250 0.156250
0
4.843750 2.734375 0.078125 0.078125
2
4.843750 2.812500 0.078125 0.078125
4.843750 2.656250 0.078125 0.078125
4.921875 2.734375 0.078125 0.078125
1
4.843750 2.734375 0.078125 0.078125
4.843750 2.656250 0.078125 0.078125
2
4.843750 2.734375 0.078125 0.078125
4.843750 2.578125 0.078125 0.078125
4.921875 2.656250 0.078125 0.078125
1
4.843750 2.656250 0.078125 0.078125
4.687500 2.500000 0.156250 0.156250
0
4.843750 2.578125 0.078125 0.078125
2
4.843750 2.656250 0.078125 0.078125
4.843750 2.500000 0.078125 0.078125
4.921875 2.578125 0.078125 0.078125
1
4.843750 2.578125 0.078125 0.078125
4.843750 2.500000 0.078125 0.078125
2
4.843750 2.578125 0.078125 0.078125
4.843750 2.421875 0.078125 0.078125
4.921875 2.500000 0.078125 0.078125
1
4.843750 2.500000 0.078125 0.078125
0.000000 1.250000 1.250000 1.250000
0
1.250000 1.875000 0.625000 0.625000
0
1.875000 2.187500 0.312500 0.312500
0
2.187500 2.343750 0.156250 0.156250
0
2.343750 2.421875 0.078125 0.078125
2
2.343750 2.500000 0.078125 0.078125
2.343750 2.343750 0.078125 0.078125
2.421875 2.421875 0.078125 0.078125
2
2.343750 2.421875 0.078125 0.078125
2.421875 2.343750 0.078125 0.078125
2.343750 2.343750 0.078125 0.078125
2
2.343750 2.421875 0.078125 0.078125
2.421875 2.343750 0.078125 0.078125
2.421875 2.343750 0.078125 0.078125
2
2.343750 2.343750 0.078125 0.078125
2.500000 2.343750 0.078125 0.078125
2.187500 2.187500 0.156250 0.156250
0
2.343750 2.187500 0.156250 0.156250
0
1.875000 1.875000 0.312500 0.312500
0
2.187500 1.875000 0.312500 0.312500
0
1.250000 1.250000 0.625000 0.625000
0
1.875000 1.250000 0.625000 0.625000
0
0.000000 0.000000 1.250000 1.250000
0
1.250000 0.000000 1.250000 1.250000
0
2.500000 2.421875 0.078125 0.078125
1
2.500000 2.343750 0.078125 0.078125
2.578125 2.421875 0.078125 0.078125
1
2.578125 2.343750 0.078125 0.078125
2.500000 2.343750 0.078125 0.078125
2
2.421875 2.343750 0.078125 0.078125
2.578125 2.343750 0.078125 0.078125
2.578125 2.343750 0.078125 0.078125
2
2.500000 2.343750 0.078125 0.078125
2.656250 2.343750 0.078125 0.078125
2.656250 2.421875 0.078125 0.078125
1
2.656250 2.343750 0.078125 0.078125
2.734375 2.421875 0.078125 0.078125
1
2.734375 2.343750 0.078125 0.078125
2.656250 2.343750 0.078125 0.078125
2
2.578125 2.343750 0.078125 0.078125
2.734375 2.343750 0.078125 0.078125
2.734375 2.343750 0.078125 0.078125
2
2.656250 2.343750 0.078125 0.078125
2.812500 2.343750 0.078125 0.078125
2.500000 2.187500 0.156250 0.156250
0
2.656250 2.187500 0.156250 0.156250
0
2.812500 2.421875 0.078125 0.078125
1
2.812500 2.343750 0.078125 0.078125
2.890625 2.421875 0.078125 0.078125
1
2.890625 2.343750 0.078125 0.078125
2.812500 2.343750 0.078125 0.078125
2
2.734375 2.343750 0.078125 0.078125
2.890625 2.343750 0.078125 0.078125
2.890625 2.343750 0.078125 0.078125
2
2.812500 2.343750 0.078125 0.078125
2.968750 2.343750 0.078125 0.078125
2.968750 2.421875 0.078125 0.078125
1
2.968750 2.343750 0.078125 0.078125
3.046875 2.421875 0.078125 0.078125
1
3.046875 2.343750 0.078125 0.078125
2.968750 2.343750 0.078125 0.078125
2
2.890625 2.343750 0.078125 0.078125
3.046875 2.343750 0.078125 0.078125
3.046875 2.343750 0.078125 0.078125
2
2.968750 2.343750 0.078125 0.078125
3.125000 2.343750 0.078125 0.078125
2.812500 2.187500 0.156250 0.156250
0
2.968750 2.187500 0.156250 0.156250
0
2.500000 1.875000 0.312500 0.312500
0
2.812500 1.875000 0.312500 0.312500
0
3.125000 2.421875 0.078125 0.078125
1
3.125000 2.343750 0.078125 0.078125
3.203125 2.421875 0.078125 0.078125
1
3.203125 2.343750 0.078125 0.078125
3.125000 2.343750 0.078125 0.078125
2
3.046875 2.343750 0.078125 0.078125
3.203125 2.343750 0.078125 0.078125
3.203125 2.343750 0.078125 0.078125
2
3.125000 2.343750 0.078125 0.078125
3.281250 2.343750 0.078125 0.078125
3.281250 2.421875 0.078125 0.078125
1
3.281250 2.343750 0.078125 0.078125
3.359375 2.421875 0.078125 0.078125
1
3.359375 2.343750 0.078125 0.078125
3.281250 2.343750 0.078125 0.078125
2
3.203125 2.343750 0.078125 0.078125
3.359375 2.343750 0.078125 0.078125
3.359375 2.343750 0.078125 0.078125
2
3.281250 2.343750 0.078125 0.078125
3.437500 2.343750 0.078125 0.078125
3.125000 2.187500 0.156250 0.156250
0
3.281250 2.187500 0.156250 0.156250
0
3.437500 2.421875 0.078125 0.078125
2
3.515625 2.421875 0.078125 0.078125
3.437500 2.343750 0.078125 0.078125
3.515625 2.421875 0.078125 0.078125
2
3.515625 2.500000 0.078125 0.078125
3.515625 2.343750 0.078125 0.078125
3.437500 2.343750 0.078125 0.078125
2
3.359375 2.343750 0.078125 0.078125
3.515625 2.343750 0.078125 0.078125
3.515625 2.343750 0.078125 0.078125
2
3.515625 2.421875 0.078125 0.078125
3.437500 2.343750 0.078125 0.078125
3.593750 2.343750 0.156250 0.156250
0
3.437500 2.187500 0.156250 0.156250
0
3.593750 2.187500 0.156250 0.156250
0
3.125000 1.875000 0.312500 0.312500
0
3.437500 1.875000 0.312500 0.312500
0
2.500000 1.250000 0.625000 0.625000
0
3.125000 1.250000 0.625000 0.625000
0
3.750000 1.875000 0.625000 0.625000
0
4.375000 2.187500 0.312500 0.312500
0
4.687500 2.343750 0.156250 0.156250
0
4.843750 2.421875 0.078125 0.078125
2
4.843750 2.500000 0.078125 0.078125
4.843750 2.343750 0.078125 0.078125
4.921875 2.421875 0.078125 0.078125
1
4.843750 2.421875 0.078125 0.078125
4.843750 2.343750 0.078125 0.078125
2
4.843750 2.421875 0.078125 0.078125
4.843750 2.265625 0.078125 0.078125
4.921875 2.343750 0.078125 0.078125
1
4.843750 2.343750 0.078125 0.078125
4.687500 2.187500 0.156250 0.156250
0
4.843750 2.265625 0.078125 0.078125
2
4.843750 2.343750 0.078125 0.078125
4.843750 2.187500 0.078125 0.078125
4.921875 2.265625 0.078125 0.078125
1
4.843750 2.265625 0.078125 0.078125
4.843750 2.187500 0.078125 0.078125
2
4.843750 2.265625 0.078125 0.078125
4.843750 2.109375 0.078125 0.078125
4.921875 2.187500 0.078125 0.078125
1
4.843750 2.187500 0.078125 0.078125
4.375000 1.875000 0.312500 0.312500
0
4.687500 2.031250 0.156250 0.156250
0
4.843750 2.109375 0.078125 0.078125
2
4.843750 2.187500 0.078125 0.078125
4.843750 2.031250 0.078125 0.078125
4.921875 2.109375 0.078125 0.078125
1
4.843750 2.109375 0.078125 0.078125
4.843750 2.031250 0.078125 0.078125
2
4.843750 2.109375 0.078125 0.078125
4.843750 1.953125 0.078125 0.078125
4.921875 2.031250 0.078125 0.078125
1
4.843750 2.031250 0.078125 0.078125
4.687500 1.875000 0.156250 0.156250
0
4.843750 1.953125 0.078125 0.078125
2
4.843750 2.031250 0.078125 0.078125
4.843750 1.875000 0.078125 0.078125
4.921875 1.953125 0.078125 0.078125
1
4.843750 1.953125 0.078125 0.078125
4.843750 1.875000 0.078125 0.078125
2
4.843750 1.953125 0.078125 0.078125
4.843750 1.796875 0.078125 0.078125
4.921875 1.875000 0.078125 0.078125
1
4.843750 1.875000 0.078125 0.078125
3.750000 1.250000 0.625000 0.625000
0
4.375000 1.562500 0.312500 0.312500
0
4.687500 1.718750 0.156250 0.156250
0
4.843750 1.796875 0.078125 0.078125
2
4.843750 1.875000 0.078125 0.078125
4.843750 1.718750 0.078125 0.078125
4.921875 1.796875 0.078125 0.078125
1
4.843750 1.796875 0.078125 0.078125
4.843750 1.718750 0.078125 0.078125
2
4.843750 1.796875 0.078125 0.078125
4.843750 1.640625 0.078125 0.078125
4.921875 1.718750 0.078125 0.078125
1
4.843750 1.718750 0.078125 0.078125
4.687500 1.562500 0.156250 0.156250
0
4.843750 1.640625 0.078125 0.078125
2
4.843750 1.718750 0.078125 0.078125
4.843750 1.562500 0.078125 0.078125
4.921875 1.640625 0.078125 0.078125
2
4.843750 1.640625 0.078125 0.078125
4.921875 1.562500 0.078125 0.078125
4.843750 1.562500 0.078125 0.078125
2
4.843750 1.640625 0.078125 0.078125
4.921875 1.562500 0.078125 0.078125
4.921875 1.562500 0.078125 0.078125
2
4.843750 1.562500 0.078125 0.078125
5.000000 1.562500 0.078125 0.078125
4.375000 1.250000 0.312500 0.312500
0
4.687500 1.250000 0.312500 0.312500
0
2.500000 0.000000 1.250000 1.250000
0
3.750000 0.000000 1.250000 1.250000
0
5.000000 4.843750 0.156250 0.156250
0
5.156250 4.843750 0.156250 0.156250
0
5.000000 4.765625 0.078125 0.078125
2
4.921875 4.765625 0.078125 0.078125
5.078125 4.765625 0.078125 0.078125
5.078125 4.765625 0.078125 0.078125
2
5.000000 4.765625 0.078125 0.078125
5.156250 4.765625 0.078125 0.078125
5.000000 4.687500 0.078125 0.078125
1
5.000000 4.765625 0.078125 0.078125
5.078125 4.687500 0.078125 0.078125
2
5.078125 4.765625 0.078125 0.078125
5.078125 4.609375 0.078125 0.078125
5.156250 4.765625 0.078125 0.078125
2
5.078125 4.765625 0.078125 0.078125
5.234375 4.765625 0.078125 0.078125
5.234375 4.765625 0.078125 0.078125
2
5.156250 4.765625 0.078125 0.078125
5.312500 4.765625 0.078125 0.078125
5.156250 4.687500 0.078125 0.078125
1
5.156250 4.765625 0.078125 0.078125
5.234375 4.687500 0.078125 0.078125
1
5.234375 4.765625 0.078125 0.078125
5.312500 4.843750 0.156250 0.156250
0
5.468750 4.843750 0.156250 0.156250
0
5.312500 4.765625 0.078125 0.078125
2
5.234375 4.765625 0.078125 0.078125
5.390625 4.765625 0.078125 0.078125
5.390625 4.765625 0.078125 0.078125
2
5.312500 4.765625 0.078125 0.078125
5.468750 4.765625 0.078125 0.078125
5.312500 4.687500 0.078125 0.078125
1
5.312500 4.765625 0.078125 0.078125
5.390625 4.687500 0.078125 0.078125
1
5.390625 4.765625 0.078125 0.078125
5.468750 4.765625 0.078125 0.078125
2
5.390625 4.765625 0.078125 0.078125
5.546875 4.765625 0.078125 0.078125
5.546875 4.765625 0.078125 0.078125
2
5.468750 4.765625 0.078125 0.078125
5.625000 4.765625 0.078125 0.078125
5.468750 4.687500 0.078125 0.078125
1
5.468750 4.765625 0.078125 0.078125
5.546875 4.687500 0.078125 0.078125
1
5.546875 4.765625 0.078125 0.078125
5.000000 4.609375 0.078125 0.078125
1
5.078125 4.609375 0.078125 0.078125
5.078125 4.609375 0.078125 0.078125
1
5.078125 4.531250 0.078125 0.078125
5.000000 4.531250 0.078125 0.078125
1
5.078125 4.531250 0.078125 0.078125
5.078125 4.531250 0.078125 0.078125
2
5.078125 4.609375 0.078125 0.078125
5.078125 4.453125 0.078125 0.078125
5.156250 4.531250 0.156250 0.156250
0
5.000000 4.453125 0.078125 0.078125
1
5.078125 4.453125 0.078125 0.078125
5.078125 4.453125 0.078125 0.078125
2
5.078125 4.531250 0.078125 0.078125
5.078125 4.375000 0.078125 0.078125
5.000000 4.375000 0.078125 0.078125
1
5.078125 4.375000 0.078125 0.078125
5.078125 4.375000 0.078125 0.078125
2
5.078125 4.453125 0.078125 0.078125
5.078125 4.296875 0.078125 0.078125
5.156250 4.375000 0.156250 0.156250
0
5.312500 4.375000 0.312500 0.312500
0
5.625000 4.843750 0.156250 0.156250
0
5.781250 4.843750 0.156250 0.156250
0
5.625000 4.765625 0.078125 0.078125
2
5.546875 4.765625 0.078125 0.078125
5.703125 4.765625 0.078125 0.078125
5.703125 4.765625 0.078125 0.078125
2
5.625000 4.765625 0.078125 0.078125
5.781250 4.765625 0.078125 0.078125
5.625000 4.687500 0.078125 0.078125
1
5.625000 4.765625 0.078125 0.078125
5.703125 4.687500 0.078125 0.078125
1
5.703125 4.765625 0.078125 0.078125
5.781250 4.765625 0.078125 0.078125
2
5.703125 4.765625 0.078125 0.078125
5.859375 4.765625 0.078125 0.078125
5.859375 4.765625 0.078125 0.078125
2
5.781250 4.765625 0.078125 0.078125
5.937500 4.765625 0.078125 0.078125
5.781250 4.687500 0.078125 0.078125
1
5.781250 4.765625 0.078125 0.078125
5.859375 4.687500 0.078125 0.078125
1
5.859375 4.765625 0.078125 0.078125
5.937500 4.843750 0.156250 0.156250
0
6.093750 4.843750 0.156250 0.156250
0
5.937500 4.765625 0.078125 0.078125
2
5.859375 4.765625 0.078125 0.078125
6.015625 4.765625 0.078125 0.078125
6.015625 4.765625 0.078125 0.078125
2
5.937500 4.765625 0.078125 0.078125
6.093750 4.765625 0.078125 0.078125
5.937500 4.687500 0.078125 0.078125
1
5.937500 4.765625 0.078125 0.078125
6.015625 4.687500 0.078125 0.078125
1
6.015625 4.765625 0.078125 0.078125
6.093750 4.765625 0.078125 0.078125
2
6.015625 4.765625 0.078125 0.078125
6.171875 4.765625 0.078125 0.078125
6.171875 4.765625 0.078125 0.078125
2
6.093750 4.765625 0.078125 0.078125
6.250000 4.765625 0.078125 0.078125
6.093750 4.687500 0.078125 0.078125
1
6.093750 4.765625 0.078125 0.078125
6.171875 4.687500 0.078125 0.078125
1
6.171875 4.765625 0.078125 0.078125
5.625000 4.375000 0.312500 0.312500
0
5.937500 4.375000 0.312500 0.312500
0
5.000000 4.296875 0.078125 0.078125
1
5.078125 4.296875 0.078125 0.078125
5.078125 4.296875 0.078125 0.078125
2
5.078125 4.375000 0.078125 0.078125
5.078125 4.218750 0.078125 0.078125
5.000000 4.218750 0.078125 0.078125
1
5.078125 4.218750 0.078125 0.078125
5.078125 4.218750 0.078125 0.078125
2
5.078125 4.296875 0.078125 0.078125
5.078125 4.140625 0.078125 0.078125
5.156250 4.218750 0.156250 0.156250
0
5.000000 4.140625 0.078125 0.078125
1
5.078125 4.140625 0.078125 0.078125
5.078125 4.140625 0.078125 0.078125
2
5.078125 4.218750 0.078125 0.078125
5.078125 4.062500 0.078125 0.078125
5.000000 4.062500 0.078125 0.078125
1
5.078125 4.062500 0.078125 0.078125
5.078125 4.062500 0.078125 0.078125
2
5.078125 4.140625 0.078125 0.078125
5.078125 3.984375 0.078125 0.078125
5.156250 4.062500 0.156250 0.156250
0
5.312500 4.062500 0.312500 0.312500
0
5.000000 3.984375 0.078125 0.078125
1
5.078125 3.984375 0.078125 0.078125
5.078125 3.984375 0.078125 0.078125
2
5.078125 4.062500 0.078125 0.078125
5.078125 3.906250 0.078125 0.078125
5.000000 3.906250 0.078125 0.078125
1
5.078125 3.906250 0.078125 0.078125
5.078125 3.906250 0.078125 0.078125
2
5.078125 3.984375 0.078125 0.078125
5.078125 3.828125 0.078125 0.078125
5.156250 3.906250 0.156250 0.156250
0
5.000000 3.828125 0.078125 0.078125
1
5.078125 3.828125 0.078125 0.078125
5.078125 3.828125 0.078125 0.078125
2
5.078125 3.906250 0.078125 0.078125
5.078125 3.750000 0.078125 0.078125
5.000000 3.750000 0.078125 0.078125
1
5.078125 3.750000 0.078125 0.078125
5.078125 3.750000 0.078125 0.078125
2
5.078125 3.828125 0.078125 0.078125
5.078125 3.671875 0.078125 0.078125
5.156250 3.750000 0.156250 0.156250
0
5.312500 3.750000 0.312500 0.312500
0
5.625000 3.750000 0.625000 0.625000
0
6.250000 4.843750 0.156250 0.156250
0
6.406250 4.843750 0.156250 0.156250
0
6.250000 4.765625 0.078125 0.078125
2
6.171875 4.765625 0.078125 0.078125
6.328125 4.765625 0.078125 0.078125
6.328125 4.765625 0.078125 0.078125
2
6.250000 4.765625 0.078125 0.078125
6.406250 4.765625 0.078125 0.078125
6.250000 4.687500 0.078125 0.078125
1
6.250000 4.765625 0.078125 0.078125
6.328125 4.687500 0.078125 0.078125
1
6.328125 4.765625 0.078125 0.078125
6.406250 4.765625 0.078125 0.078125
2
6.328125 4.765625 0.078125 0.078125
6.484375 4.765625 0.078125 0.078125
6.484375 4.765625 0.078125 0.078125
2
6.406250 4.765625 0.078125 0.078125
6.562500 4.765625 0.078125 0.078125
6.406250 4.687500 0.078125 0.078125
1
6.406250 4.765625 0.078125 0.078125
6.484375 4.687500 0.078125 0.078125
1
6.484375 4.765625 0.078125 0.078125
6.562500 4.843750 0.156250 0.156250
0
6.718750 4.843750 0.156250 0.156250
0
6.562500 4.765625 0.078125 0.078125
2
6.484375 4.765625 0.078125 0.078125
6.640625 4.765625 0.078125 0.078125
6.640625 4.765625 0.078125 0.078125
2
6.562500 4.765625 0.078125 0.078125
6.718750 4.765625 0.078125 0.078125
6.562500 4.687500 0.078125 0.078125
1
6.562500 4.765625 0.078125 0.078125
6.640625 4.687500 0.078125 0.078125
1
6.640625 4.765625 0.078125 0.078125
6.718750 4.765625 0.078125 0.078125
2
6.640625 4.765625 0.078125 0.078125
6.796875 4.765625 0.078125 0.078125
6.796875 4.765625 0.078125 0.078125
2
6.718750 4.765625 0.078125 0.078125
6.875000 4.765625 0.078125 0.078125
6.718750 4.687500 0.078125 0.078125
1
6.718750 4.765625 0.078125 0.078125
6.796875 4.687500 0.078125 0.078125
1
6.796875 4.765625 0.078125 0.078125
6.250000 4.375000 0.312500 0.312500
0
6.562500 4.375000 0.312500 0.312500
0
6.875000 4.843750 0.156250 0.156250
0
7.031250 4.843750 0.156250 0.156250
0
6.875000 4.765625 0.078125 0.078125
2
6.796875 4.765625 0.078125 0.078125
6.953125 4.765625 0.078125 0.078125
6.953125 4.765625 0.078125 0.078125
2
6.875000 4.765625 0.078125 0.078125
7.031250 4.765625 0.078125 0.078125
6.875000 4.687500 0.078125 0.078125
1
6.875000 4.765625 0.078125 0.078125
6.953125 4.687500 0.078125 0.078125
1
6.953125 4.765625 0.078125 0.078125
7.031250 4.765625 0.078125 0.078125
2
6.953125 4.765625 0.078125 0.078125
7.109375 4.765625 0.078125 0.078125
7.109375 4.765625 0.078125 0.078125
2
7.031250 4.765625 0.078125 0.078125
7.187500 4.765625 0.078125 0.078125
7.031250 4.687500 0.078125 0.078125
1
7.031250 4.765625 0.078125 0.078125
7.109375 4.687500 0.078125 0.078125
1
7.109375 4.765625 0.078125 0.078125
7.187500 4.843750 0.156250 0.156250
0
7.343750 4.843750 0.156250 0.156250
0
7.187500 4.765625 0.078125 0.078125
2
7.109375 4.765625 0.078125 0.078125
7.265625 4.765625 0.078125 0.078125
7.265625 4.765625 0.078125 0.078125
2
7.187500 4.765625 0.078125 0.078125
7.343750 4.765625 0.078125 0.078125
7.187500 4.687500 0.078125 0.078125
1
7.187500 4.765625 0.078125 0.078125
7.265625 4.687500 0.078125 0.078125
1
7.265625 4.765625 0.078125 0.078125
7.343750 4.765625 0.078125 0.078125
2
7.265625 4.765625 0.078125 0.078125
7.421875 4.765625 0.078125 0.078125
7.421875 4.765625 0.078125 0.078125
2
7.343750 4.765625 0.078125 0.078125
7.500000 4.765625 0.078125 0.078125
7.343750 4.687500 0.078125 0.078125
1
7.343750 4.765625 0.078125 0.078125
7.421875 4.687500 0.078125 0.078125
1
7.421875 4.765625 0.078125 0.078125
6.875000 4.375000 0.312500 0.312500
0
7.187500 4.375000 0.312500 0.312500
0
6.250000 3.750000 0.625000 0.625000
0
6.875000 3.750000 0.625000 0.625000
0
5.000000 3.671875 0.078125 0.078125
1
5.078125 3.671875 0.078125 0.078125
5.078125 3.671875 0.078125 0.078125
2
5.078125 3.750000 0.078125 0.078125
5.078125 3.593750 0.078125 0.078125
5.000000 3.593750 0.078125 0.078125
1
5.078125 3.593750 0.078125 0.078125
5.078125 3.593750 0.078125 0.078125
2
5.078125 3.671875 0.078125 0.078125
5.078125 3.515625 0.078125 0.078125
5.156250 3.593750 0.156250 0.156250
0
5.000000 3.515625 0.078125 0.078125
1
5.078125 3.515625 0.078125 0.078125
5.078125 3.515625 0.078125 0.078125
2
5.078125 3.593750 0.078125 0.078125
5.078125 3.437500 0.078125 0.078125
5.000000 3.437500 0.078125 0.078125
1
5.078125 3.437500 0.078125 0.078125
5.078125 3.437500 0.078125 0.078125
2
5.078125 3.515625 0.078125 0.078125
5.078125 3.359375 0.078125 0.078125
5.156250 3.437500 0.156250 0.156250
0
5.312500 3.437500 0.312500 0.312500
0
5.000000 3.359375 0.078125 0.078125
1
5.078125 3.359375 0.078125 0.078125
5.078125 3.359375 0.078125 0.078125
2
5.078125 3.437500 0.078125 0.078125
5.078125 3.281250 0.078125 0.078125
5.000000 3.281250 0.078125 0.078125
1
5.078125 3.281250 0.078125 0.078125
5.078125 3.281250 0.078125 0.078125
2
5.078125 3.359375 0.078125 0.078125
5.078125 3.203125 0.078125 0.078125
5.156250 3.281250 0.156250 0.156250
0
5.000000 3.203125 0.078125 0.078125
1
5.078125 3.203125 0.078125 0.078125
5.078125 3.203125 0.078125 0.078125
2
5.078125 3.281250 0.078125 0.078125
5.078125 3.125000 0.078125 0.078125
5.000000 3.125000 0.078125 0.078125
1
5.078125 3.125000 0.078125 0.078125
5.078125 3.125000 0.078125 0.078125
2
5.078125 3.203125 0.078125 0.078125
5.078125 3.046875 0.078125 0.078125
5.156250 3.125000 0.156250 0.156250
0
5.312500 3.125000 0.312500 0.312500
0
5.625000 3.125000 0.625000 0.625000
0
5.000000 3.046875 0.078125 0.078125
1
5.078125 3.046875 0.078125 0.078125
5.078125 3.046875 0.078125 0.078125
2
5.078125 3.125000 0.078125 0.078125
5.078125 2.968750 0.078125 0.078125
5.000000 2.968750 0.078125 0.078125
1
5.078125 2.968750 0.078125 0.078125
5.078125 2.968750 0.078125 0.078125
2
5.078125 3.046875 0.078125 0.078125
5.078125 2.890625 0.078125 0.078125
5.156250 2.968750 0.156250 0.156250
0
5.000000 2.890625 0.078125 0.078125
1
5.078125 2.890625 0.078125 0.078125
5.078125 2.890625 0.078125 0.078125
2
5.078125 2.968750 0.078125 0.078125
5.078125 2.812500 0.078125 0.078125
5.000000 2.812500 0.078125 0.078125
1
5.078125 2.812500 0.078125 0.078125
5.078125 2.812500 0.078125 0.078125
2
5.078125 2.890625 0.078125 0.078125
5.078125 2.734375 0.078125 0.078125
5.156250 2.812500 0.156250 0.156250
0
5.312500 2.812500 0.312500 0.312500
0
5.000000 2.734375 0.078125 0.078125
1
5.078125 2.734375 0.078125 0.078125
5.078125 2.734375 0.078125 0.078125
2
5.078125 2.812500 0.078125 0.078125
5.078125 2.656250 0.078125 0.078125
5.000000 2.656250 0.078125 0.078125
1
5.078125 2.656250 0.078125 0.078125
5.078125 2.656250 0.078125 0.078125
2
5.078125 2.734375 0.078125 0.078125
5.078125 2.578125 0.078125 0.078125
5.156250 2.656250 0.156250 0.156250
0
5.000000 2.578125 0.078125 0.078125
1
5.078125 2.578125 0.078125 0.078125
5.078125 2.578125 0.078125 0.078125
2
5.078125 2.656250 0.078125 0.078125
5.078125 2.500000 0.078125 0.078125
5.000000 2.500000 0.078125 0.078125
1
5.078125 2.500000 0.078125 0.078125
5.078125 2.500000 0.078125 0.078125
2
5.078125 2.578125 0.078125 0.078125
5.078125 2.421875 0.078125 0.078125
5.156250 2.500000 0.156250 0.156250
0
5.312500 2.500000 0.312500 0.312500
0
5.625000 2.500000 0.625000 0.625000
0
6.250000 2.500000 1.250000 1.250000
0
7.500000 4.843750 0.156250 0.156250
0
7.656250 4.843750 0.156250 0.156250
0
7.500000 4.765625 0.078125 0.078125
2
7.421875 4.765625 0.078125 0.078125
7.578125 4.765625 0.078125 0.078125
7.578125 4.765625 0.078125 0.078125
2
7.500000 4.765625 0.078125 0.078125
7.656250 4.765625 0.078125 0.078125
7.500000 4.687500 0.078125 0.078125
1
7.500000 4.765625 0.078125 0.078125
7.578125 4.687500 0.078125 0.078125
1
7.578125 4.765625 0.078125 0.078125
7.656250 4.765625 0.078125 0.078125
2
7.578125 4.765625 0.078125 0.078125
7.734375 4.765625 0.078125 0.078125
7.734375 4.765625 0.078125 0.078125
2
7.656250 4.765625 0.078125 0.078125
7.812500 4.765625 0.078125 0.078125
7.656250 4.687500 0.078125 0.078125
1
7.656250 4.765625 0.078125 0.078125
7.734375 4.687500 0.078125 0.078125
1
7.734375 4.765625 0.078125 0.078125
7.812500 4.843750 0.156250 0.156250
0
7.968750 4.843750 0.156250 0.156250
0
7.812500 4.765625 0.078125 0.078125
2
7.734375 4.765625 0.078125 0.078125
7.890625 4.765625 0.078125 0.078125
7.890625 4.765625 0.078125 0.078125
2
7.812500 4.765625 0.078125 0.078125
7.968750 4.765625 0.078125 0.078125
7.812500 4.687500 0.078125 0.078125
1
7.812500 4.765625 0.078125 0.078125
7.890625 4.687500 0.078125 0.078125
1
7.890625 4.765625 0.078125 0.078125
7.968750 4.765625 0.078125 0.078125
2
7.890625 4.765625 0.078125 0.078125
8.046875 4.765625 0.078125 0.078125
8.046875 4.765625 0.078125 0.078125
2
7.968750 4.765625 0.078125 0.078125
8.046875 4.687500 0.078125 0.078125
7.968750 4.687500 0.078125 0.078125
2
7.968750 4.765625 0.078125 0.078125
8.046875 4.687500 0.078125 0.078125
8.046875 4.687500 0.078125 0.078125
2
8.046875 4.765625 0.078125 0.078125
8.046875 4.609375 0.078125 0.078125
7.500000 4.375000 0.312500 0.312500
0
7.812500 4.531250 0.156250 0.156250
0
7.968750 4.609375 0.078125 0.078125
1
8.046875 4.609375 0.078125 0.078125
8.046875 4.609375 0.078125 0.078125
2
8.046875 4.687500 0.078125 0.078125
8.046875 4.531250 0.078125 0.078125
7.968750 4.531250 0.078125 0.078125
1
8.046875 4.531250 0.078125 0.078125
8.046875 4.531250 0.078125 0.078125
2
8.046875 4.609375 0.078125 0.078125
8.046875 4.453125 0.078125 0.078125
7.812500 4.375000 0.156250 0.156250
0
7.968750 4.453125 0.078125 0.078125
1
8.046875 4.453125 0.078125 0.078125
8.046875 4.453125 0.078125 0.078125
2
8.046875 4.531250 0.078125 0.078125
8.046875 4.375000 0.078125 0.078125
7.968750 4.375000 0.078125 0.078125
1
8.046875 4.375000 0.078125 0.078125
8.046875 4.375000 0.078125 0.078125
2
8.046875 4.453125 0.078125 0.078125
8.046875 4.296875 0.078125 0.078125
8.125000 4.375000 0.625000 0.625000
0
7.500000 4.062500 0.312500 0.312500
0
7.812500 4.218750 0.156250 0.156250
0
7.968750 4.296875 0.078125 0.078125
1
8.046875 4.296875 0.078125 0.078125
8.046875 4.296875 0.078125 0.078125
2
8.046875 4.375000 0.078125 0.078125
8.046875 4.218750 0.078125 0.078125
7.968750 4.218750 0.078125 0.078125
1
8.046875 4.218750 0.078125 0.078125
8.046875 4.218750 0.078125 0.078125
2
8.046875 4.296875 0.078125 0.078125
8.046875 4.140625 0.078125 0.078125
7.812500 4.062500 0.156250 0.156250
0
7.968750 4.140625 0.078125 0.078125
1
8.046875 4.140625 0.078125 0.078125
8.046875 4.140625 0.078125 0.078125
2
8.046875 4.218750 0.078125 0.078125
8.046875 4.062500 0.078125 0.078125
7.968750 4.062500 0.078125 0.078125
1
8.046875 4.062500 0.078125 0.078125
8.046875 4.062500 0.078125 0.078125
2
8.046875 4.140625 0.078125 0.078125
8.046875 3.984375 0.078125 0.078125
7.500000 3.750000 0.312500 0.312500
0
7.812500 3.906250 0.156250 0.156250
0
7.968750 3.984375 0.078125 0.078125
1
8.046875 3.984375 0.078125 0.078125
8.046875 3.984375 0.078125 0.078125
2
8.046875 4.062500 0.078125 0.078125
8.046875 3.906250 0.078125 0.078125
7.968750 3.906250 0.078125 0.078125
1
8.046875 3.906250 0.078125 0.078125
8.046875 3.906250 0.078125 0.078125
2
8.046875 3.984375 0.078125 0.078125
8.046875 3.828125 0.078125 0.078125
7.812500 3.750000 0.156250 0.156250
0
7.968750 3.828125 0.078125 0.078125
1
8.046875 3.828125 0.078125 0.078125
8.046875 3.828125 0.078125 0.078125
2
8.046875 3.906250 0.078125 0.078125
8.046875 3.750000 0.078125 0.078125
7.968750 3.750000 0.078125 0.078125
1
8.046875 3.750000 0.078125 0.078125
8.046875 3.750000 0.078125 0.078125
2
8.046875 3.828125 0.078125 0.078125
8.046875 3.671875 0.078125 0.078125
8.125000 3.750000 0.625000 0.625000
0
8.750000 3.750000 1.250000 1.250000
0
7.500000 3.437500 0.312500 0.312500
0
7.812500 3.593750 0.156250 0.156250
0
7.968750 3.671875 0.078125 0.078125
1
8.046875 3.671875 0.078125 0.078125
8.046875 3.671875 0.078125 0.078125
2
8.046875 3.750000 0.078125 0.078125
8.046875 3.593750 0.078125 0.078125
7.968750 3.593750 0.078125 0.078125
1
8.046875 3.593750 0.078125 0.078125
8.046875 3.593750 0.078125 0.078125
2
8.046875 3.671875 0.078125 0.078125
8.046875 3.515625 0.078125 0.078125
7.812500 3.437500 0.156250 0.156250
0
7.968750 3.515625 0.078125 0.078125
1
8.046875 3.515625 0.078125 0.078125
8.046875 3.515625 0.078125 0.078125
2
8.046875 3.593750 0.078125 0.078125
8.046875 3.437500 0.078125 0.078125
7.968750 3.437500 0.078125 0.078125
1
8.046875 3.437500 0.078125 0.078125
8.046875 3.437500 0.078125 0.078125
2
8.046875 3.515625 0.078125 0.078125
8.046875 3.359375 0.078125 0.078125
7.500000 3.125000 0.312500 0.312500
0
7.812500 3.281250 0.156250 0.156250
0
7.968750 3.359375 0.078125 0.078125
1
8.046875 3.359375 0.078125 0.078125
8.046875 3.359375 0.078125 0.078125
2
8.046875 3.437500 0.078125 0.078125
8.046875 3.281250 0.078125 0.078125
7.968750 3.281250 0.078125 0.078125
1
8.046875 3.281250 0.078125 0.078125
8.046875 3.281250 0.078125 0.078125
2
8.046875 3.359375 0.078125 0.078125
8.046875 3.203125 0.078125 0.078125
7.812500 3.125000 0.156250 0.156250
0
7.968750 3.203125 0.078125 0.078125
1
8.046875 3.203125 0.078125 0.078125
8.046875 3.203125 0.078125 0.078125
2
8.046875 3.281250 0.078125 0.078125
8.046875 3.125000 0.078125 0.078125
7.968750 3.125000 0.078125 0.078125
1
8.046875 3.125000 0.078125 0.078125
8.046875 3.125000 0.078125 0.078125
2
8.046875 3.203125 0.078125 0.078125
8.046875 3.046875 0.078125 0.078125
8.125000 3.125000 0.625000 0.625000
0
7.500000 2.812500 0.312500 0.312500
0
7.812500 2.968750 0.156250 0.156250
0
7.968750 3.046875 0.078125 0.078125
1
8.046875 3.046875 0.078125 0.078125
8.046875 3.046875 0.078125 0.078125
2
8.046875 3.125000 0.078125 0.078125
8.046875 2.968750 0.078125 0.078125
7.968750 2.968750 0.078125 0.078125
1
8.046875 2.968750 0.078125 0.078125
8.046875 2.968750 0.078125 0.078125
2
8.046875 3.046875 0.078125 0.078125
8.046875 2.890625 0.078125 0.078125
7.812500 2.812500 0.156250 0.156250
0
7.968750 2.890625 0.078125 0.078125
1
8.046875 2.890625 0.078125 0.078125
8.046875 2.890625 0.078125 0.078125
2
8.046875 2.968750 0.078125 0.078125
8.046875 2.812500 0.078125 0.078125
7.968750 2.812500 0.078125 0.078125
1
8.046875 2.812500 0.078125 0.078125
8.046875 2.812500 0.078125 0.078125
2
8.046875 2.890625 0.078125 0.078125
8.046875 2.734375 0.078125 0.078125
7.500000 2.500000 0.312500 0.312500
0
7.812500 2.656250 0.156250 0.156250
0
7.968750 2.734375 0.078125 0.078125
1
8.046875 2.734375 0.078125 0.078125
8.046875 2.734375 0.078125 0.078125
2
8.046875 2.812500 0.078125 0.078125
8.046875 2.656250 0.078125 0.078125
7.968750 2.656250 0.078125 0.078125
1
8.046875 2.656250 0.078125 0.078125
8.046875 2.656250 0.078125 0.078125
2
8.046875 2.734375 0.078125 0.078125
8.046875 2.578125 0.078125 0.078125
7.812500 2.500000 0.156250 0.156250
0
7.968750 2.578125 0.078125 0.078125
1
8.046875 2.578125 0.078125 0.078125
8.046875 2.578125 0.078125 0.078125
2
8.046875 2.656250 0.078125 0.078125
8.046875 2.500000 0.078125 0.078125
7.968750 2.500000 0.078125 0.078125
1
8.046875 2.500000 0.078125 0.078125
8.046875 2.500000 0.078125 0.078125
2
8.046875 2.578125 0.078125 0.078125
8.046875 2.421875 0.078125 0.078125
8.125000 2.500000 0.625000 0.625000
0
8.750000 2.500000 1.250000 1.250000
0
5.000000 2.421875 0.078125 0.078125
1
5.078125 2.421875 0.078125 0.078125
5.078125 2.421875 0.078125 0.078125
2
5.078125 2.500000 0.078125 0.078125
5.078125 2.343750 0.078125 0.078125
5.000000 2.343750 0.078125 0.078125
1
5.078125 2.343750 0.078125 0.078125
5.078125 2.343750 0.078125 0.078125
2
5.078125 2.421875 0.078125 0.078125
5.078125 2.265625 0.078125 0.078125
5.156250 2.343750 0.156250 0.156250
0
5.000000 2.265625 0.078125 0.078125
1
5.078125 2.265625 0.078125 0.078125
5.078125 2.265625 0.078125 0.078125
2
5.078125 2.343750 0.078125 0.078125
5.078125 2.187500 0.078125 0.078125
5.000000 2.187500 0.078125 0.078125
1
5.078125 2.187500 0.078125 0.078125
5.078125 2.187500 0.078125 0.078125
2
5.078125 2.265625 0.078125 0.078125
5.078125 2.109375 0.078125 0.078125
5.156250 2.187500 0.156250 0.156250
0
5.312500 2.187500 0.312500 0.312500
0
5.000000 2.109375 0.078125 0.078125
1
5.078125 2.109375 0.078125 0.078125
5.078125 2.109375 0.078125 0.078125
2
5.078125 2.187500 0.078125 0.078125
5.078125 2.031250 0.078125 0.078125
5.000000 2.031250 0.078125 0.078125
1
5.078125 2.031250 0.078125 0.078125
5.078125 2.031250 0.078125 0.078125
2
5.078125 2.109375 0.078125 0.078125
5.078125 1.953125 0.078125 0.078125
5.156250 2.031250 0.156250 0.156250
0
5.000000 1.953125 0.078125 0.078125
1
5.078125 1.953125 0.078125 0.078125
5.078125 1.953125 0.078125 0.078125
2
5.078125 2.031250 0.078125 0.078125
5.078125 1.875000 0.078125 0.078125
5.000000 1.875000 0.078125 0.078125
1
5.078125 1.875000 0.078125 0.078125
5.078125 1.875000 0.078125 0.078125
2
5.078125 1.953125 0.078125 0.078125
5.078125 1.796875 0.078125 0.078125
5.156250 1.875000 0.156250 0.156250
0
5.312500 1.875000 0.312500 0.312500
0
5.625000 1.875000 0.625000 0.625000
0
5.000000 1.796875 0.078125 0.078125
1
5.078125 1.796875 0.078125 0.078125
5.078125 1.796875 0.078125 0.078125
2
5.078125 1.875000 0.078125 0.078125
5.078125 1.718750 0.078125 0.078125
5.000000 1.718750 0.078125 0.078125
1
5.078125 1.718750 0.078125 0.078125
5.078125 1.718750 0.078125 0.078125
1
5.078125 1.796875 0.078125 0.078125
5.156250 1.718750 0.156250 0.156250
0
5.000000 1.640625 0.078125 0.078125
1
5.000000 1.562500 0.078125 0.078125
5.078125 1.640625 0.078125 0.078125
2
5.078125 1.718750 0.078125 0.078125
5.078125 1.562500 0.078125 0.078125
5.000000 1.562500 0.078125 0.078125
2
4.921875 1.562500 0.078125 0.078125
5.078125 1.562500 0.078125 0.078125
5.078125 1.562500 0.078125 0.078125
2
5.000000 1.562500 0.078125 0.078125
5.156250 1.562500 0.078125 0.078125
5.156250 1.640625 0.078125 0.078125
1
5.156250 1.562500 0.078125 0.078125
5.234375 1.640625 0.078125 0.078125
1
5.234375 1.562500 0.078125 0.078125
5.156250 1.562500 0.078125 0.078125
2
5.078125 1.562500 0.078125 0.078125
5.234375 1.562500 0.078125 0.078125
5.234375 1.562500 0.078125 0.078125
2
5.156250 1.562500 0.078125 0.078125
5.312500 1.562500 0.078125 0.078125
5.312500 1.718750 0.156250 0.156250
0
5.468750 1.718750 0.156250 0.156250
0
5.312500 1.640625 0.078125 0.078125
1
5.312500 1.562500 0.078125 0.078125
5.390625 1.640625 0.078125 0.078125
1
5.390625 1.562500 0.078125 0.078125
5.312500 1.562500 0.078125 0.078125
2
5.234375 1.562500 0.078125 0.078125
5.390625 1.562500 0.078125 0.078125
5.390625 1.562500 0.078125 0.078125
2
5.312500 1.562500 0.078125 0.078125
5.468750 1.562500 0.078125 0.078125
5.468750 1.640625 0.078125 0.078125
1
5.468750 1.562500 0.078125 0.078125
5.546875 1.640625 0.078125 0.078125
1
5.546875 1.562500 0.078125 0.078125
5.468750 1.562500 0.078125 0.078125
2
5.390625 1.562500 0.078125 0.078125
5.546875 1.562500 0.078125 0.078125
5.546875 1.562500 0.078125 0.078125
2
5.468750 1.562500 0.078125 0.078125
5.625000 1.562500 0.078125 0.078125
5.000000 1.250000 0.312500 0.312500
0
5.312500 1.250000 0.312500 0.312500
0
5.625000 1.718750 0.156250 0.156250
0
5.781250 1.718750 0.156250 0.156250
0
5.625000 1.640625 0.078125 0.078125
1
5.625000 1.562500 0.078125 0.078125
5.703125 1.640625 0.078125 0.078125
1
5.703125 1.562500 0.078125 0.078125
5.625000 1.562500 0.078125 0.078125
2
5.546875 1.562500 0.078125 0.078125
5.703125 1.562500 0.078125 0.078125
5.703125 1.562500 0.078125 0.078125
2
5.625000 1.562500 0.078125 0.078125
5.781250 1.562500 0.078125 0.078125
5.781250 1.640625 0.078125 0.078125
1
5.781250 1.562500 0.078125 0.078125
5.859375 1.640625 0.078125 0.078125
1
5.859375 1.562500 0.078125 0.078125
5.781250 1.562500 0.078125 0.078125
2
5.703125 1.562500 0.078125 0.078125
5.859375 1.562500 0.078125 0.078125
5.859375 1.562500 0.078125 0.078125
2
5.781250 1.562500 0.078125 0.078125
5.937500 1.562500 0.078125 0.078125
5.937500 1.718750 0.156250 0.156250
0
6.093750 1.718750 0.156250 0.156250
0
5.937500 1.640625 0.078125 0.078125
1
5.937500 1.562500 0.078125 0.078125
6.015625 1.640625 0.078125 0.078125
1
6.015625 1.562500 0.078125 0.078125
5.937500 1.562500 0.078125 0.078125
2
5.859375 1.562500 0.078125 0.078125
6.015625 1.562500 0.078125 0.078125
6.015625 1.562500 0.078125 0.078125
2
5.937500 1.562500 0.078125 0.078125
6.093750 1.562500 0.078125 0.078125
6.093750 1.640625 0.078125 0.078125
1
6.093750 1.562500 0.078125 0.078125
6.171875 1.640625 0.078125 0.078125
1
6.171875 1.562500 0.078125 0.078125
6.093750 1.562500 0.078125 0.078125
2
6.015625 1.562500 0.078125 0.078125
6.171875 1.562500 0.078125 0.078125
6.171875 1.562500 0.078125 0.078125
2
6.093750 1.562500 0.078125 0.078125
6.250000 1.562500 0.078125 0.078125
5.625000 1.250000 0.312500 0.312500
0
5.937500 1.250000 0.312500 0.312500
0
6.250000 1.875000 0.625000 0.625000
0
6.875000 1.875000 0.625000 0.625000
0
6.250000 1.718750 0.156250 0.156250
0
6.406250 1.718750 0.156250 0.156250
0
6.250000 1.640625 0.078125 0.078125
1
6.250000 1.562500 0.078125 0.078125
6.328125 1.640625 0.078125 0.078125
1
6.328125 1.562500 0.078125 0.078125
6.250000 1.562500 0.078125 0.078125
2
6.171875 1.562500 0.078125 0.078125
6.328125 1.562500 0.078125 0.078125
6.328125 1.562500 0.078125 0.078125
2
6.250000 1.562500 0.078125 0.078125
6.406250 1.562500 0.078125 0.078125
6.406250 1.640625 0.078125 0.078125
1
6.406250 1.562500 0.078125 0.078125
6.484375 1.640625 0.078125 0.078125
1
6.484375 1.562500 0.078125 0.078125
6.406250 1.562500 0.078125 0.078125
2
6.328125 1.562500 0.078125 0.078125
6.484375 1.562500 0.078125 0.078125
6.484375 1.562500 0.078125 0.078125
2
6.406250 1.562500 0.078125 0.078125
6.562500 1.562500 0.078125 0.078125
6.562500 1.718750 0.156250 0.156250
0
6.718750 1.718750 0.156250 0.156250
0
6.562500 1.640625 0.078125 0.078125
1
6.562500 1.562500 0.078125 0.078125
6.640625 1.640625 0.078125 0.078125
1
6.640625 1.562500 0.078125 0.078125
6.562500 1.562500 0.078125 0.078125
2
6.484375 1.562500 0.078125 0.078125
6.640625 1.562500 0.078125 0.078125
6.640625 1.562500 0.078125 0.078125
2
6.562500 1.562500 0.078125 0.078125
6.718750 1.562500 0.078125 0.078125
6.718750 1.640625 0.078125 0.078125
1
6.718750 1.562500 0.078125 0.078125
6.796875 1.640625 0.078125 0.078125
1
6.796875 1.562500 0.078125 0.078125
6.718750 1.562500 0.078125 0.078125
2
6.640625 1.562500 0.078125 0.078125
6.796875 1.562500 0.078125 0.078125
6.796875 1.562500 0.078125 0.078125
2
6.718750 1.562500 0.078125 0.078125
6.875000 1.562500 0.078125 0.078125
6.250000 1.250000 0.312500 0.312500
0
6.562500 1.250000 0.312500 0.312500
0
6.875000 1.718750 0.156250 0.156250
0
7.031250 1.718750 0.156250 0.156250
0
6.875000 1.640625 0.078125 0.078125
1
6.875000 1.562500 0.078125 0.078125
6.953125 1.640625 0.078125 0.078125
1
6.953125 1.562500 0.078125 0.078125
6.875000 1.562500 0.078125 0.078125
2
6.796875 1.562500 0.078125 0.078125
6.953125 1.562500 0.078125 0.078125
6.953125 1.562500 0.078125 0.078125
2
6.875000 1.562500 0.078125 0.078125
7.031250 1.562500 0.078125 0.078125
7.031250 1.640625 0.078125 0.078125
1
7.031250 1.562500 0.078125 0.078125
7.109375 1.640625 0.078125 0.078125
1
7.109375 1.562500 0.078125 0.078125
7.031250 1.562500 0.078125 0.078125
2
6.953125 1.562500 0.078125 0.078125
7.109375 1.562500 0.078125 0.078125
7.109375 1.562500 0.078125 0.078125
2
7.031250 1.562500 0.078125 0.078125
7.187500 1.562500 0.078125 0.078125
7.187500 1.718750 0.156250 0.156250
0
7.343750 1.718750 0.156250 0.156250
0
7.187500 1.640625 0.078125 0.078125
1
7.187500 1.562500 0.078125 0.078125
7.265625 1.640625 0.078125 0.078125
1
7.265625 1.562500 0.078125 0.078125
7.187500 1.562500 0.078125 0.078125
2
7.109375 1.562500 0.078125 0.078125
7.265625 1.562500 0.078125 0.078125
7.265625 1.562500 0.078125 0.078125
2
7.187500 1.562500 0.078125 0.078125
7.343750 1.562500 0.078125 0.078125
7.343750 1.640625 0.078125 0.078125
1
7.343750 1.562500 0.078125 0.078125
7.421875 1.640625 0.078125 0.078125
1
7.421875 1.562500 0.078125 0.078125
7.343750 1.562500 0.078125 0.078125
2
7.265625 1.562500 0.078125 0.078125
7.421875 1.562500 0.078125 0.078125
7.421875 1.562500 0.078125 0.078125
2
7.343750 1.562500 0.078125 0.078125
7.500000 1.562500 0.078125 0.078125
6.875000 1.250000 0.312500 0.312500
0
7.187500 1.250000 0.312500 0.312500
0
5.000000 0.000000 1.250000 1.250000
0
6.250000 0.000000 1.250000 1.250000
0
7.500000 2.187500 0.312500 0.312500
0
7.812500 2.343750 0.156250 0.156250
0
7.968750 2.421875 0.078125 0.078125
1
8.046875 2.421875 0.078125 0.078125
8.046875 2.421875 0.078125 0.078125
2
8.046875 2.500000 0.078125 0.078125
8.046875 2.343750 0.078125 0.078125
7.968750 2.343750 0.078125 0.078125
1
8.046875 2.343750 0.078125 0.078125
8.046875 2.343750 0.078125 0.078125
2
8.046875 2.421875 0.078125 0.078125
8.046875 2.265625 0.078125 0.078125
7.812500 2.187500 0.156250 0.156250
0
7.968750 2.265625 0.078125 0.078125
1
8.046875 2.265625 0.078125 0.078125
8.046875 2.265625 0.078125 0.078125
2
8.046875 2.343750 0.078125 0.078125
8.046875 2.187500 0.078125 0.078125
7.968750 2.187500 0.078125 0.078125
1
8.046875 2.187500 0.078125 0.078125
8.046875 2.187500 0.078125 0.078125
2
8.046875 2.265625 0.078125 0.078125
8.046875 2.109375 0.078125 0.078125
7.500000 1.875000 0.312500 0.312500
0
7.812500 2.031250 0.156250 0.156250
0
7.968750 2.109375 0.078125 0.078125
1
8.046875 2.109375 0.078125 0.078125
8.046875 2.109375 0.078125 0.078125
2
8.046875 2.187500 0.078125 0.078125
8.046875 2.031250 0.078125 0.078125
7.968750 2.031250 0.078125 0.078125
1
8.046875 2.031250 0.078125 0.078125
8.046875 2.031250 0.078125 0.078125
2
8.046875 2.109375 0.078125 0.078125
8.046875 1.953125 0.078125 0.078125
7.812500 1.875000 0.156250 0.156250
0
7.968750 1.953125 0.078125 0.078125
1
8.046875 1.953125 0.078125 0.078125
8.046875 1.953125 0.078125 0.078125
2
8.046875 2.031250 0.078125 0.078125
8.046875 1.875000 0.078125 0.078125
7.968750 1.875000 0.078125 0.078125
1
8.046875 1.875000 0.078125 0.078125
8.046875 1.875000 0.078125 0.078125
2
8.046875 1.953125 0.078125 0.078125
8.046875 1.796875 0.078125 0.078125
8.125000 1.875000 0.625000 0.625000
0
7.500000 1.718750 0.156250 0.156250
0
7.656250 1.718750 0.156250 0.156250
0
7.500000 1.640625 0.078125 0.078125
1
7.500000 1.562500 0.078125 0.078125
7.578125 1.640625 0.078125 0.078125
1
7.578125 1.562500 0.078125 0.078125
7.500000 1.562500 0.078125 0.078125
2
7.421875 1.562500 0.078125 0.078125
7.578125 1.562500 0.078125 0.078125
7.578125 1.562500 0.078125 0.078125
2
7.500000 1.562500 0.078125 0.078125
7.656250 1.562500 0.078125 0.078125
7.656250 1.640625 0.078125 0.078125
1
7.656250 1.562500 0.078125 0.078125
7.734375 1.640625 0.078125 0.078125
1
7.734375 1.562500 0.078125 0.078125
7.656250 1.562500 0.078125 0.078125
2
7.578125 1.562500 0.078125 0.078125
7.734375 1.562500 0.078125 0.078125
7.734375 1.562500 0.078125 0.078125
2
7.656250 1.562500 0.078125 0.078125
7.812500 1.562500 0.078125 0.078125
7.812500 1.718750 0.156250 0.156250
0
7.968750 1.796875 0.078125 0.078125
1
8.046875 1.796875 0.078125 0.078125
8.046875 1.796875 0.078125 0.078125
2
8.046875 1.875000 0.078125 0.078125
8.046875 1.718750 0.078125 0.078125
7.968750 1.718750 0.078125 0.078125
1
8.046875 1.718750 0.078125 0.078125
8.046875 1.718750 0.078125 0.078125
2
8.046875 1.796875 0.078125 0.078125
8.046875 1.640625 0.078125 0.078125
7.812500 1.640625 0.078125 0.078125
1
7.812500 1.562500 0.078125 0.078125
7.890625 1.640625 0.078125 0.078125
1
7.890625 1.562500 0.078125 0.078125
7.812500 1.562500 0.078125 0.078125
2
7.734375 1.562500 0.078125 0.078125
7.890625 1.562500 0.078125 0.078125
7.890625 1.562500 0.078125 0.078125
2
7.812500 1.562500 0.078125 0.078125
7.968750 1.562500 0.078125 0.078125
7.968750 1.640625 0.078125 0.078125
2
8.046875 1.640625 0.078125 0.078125
7.968750 1.562500 0.078125 0.078125
8.046875 1.640625 0.078125 0.078125
2
8.046875 1.718750 0.078125 0.078125
8.046875 1.562500 0.078125 0.078125
7.968750 1.562500 0.078125 0.078125
2
7.890625 1.562500 0.078125 0.078125
8.046875 1.562500 0.078125 0.078125
8.046875 1.562500 0.078125 0.078125
2
8.046875 1.640625 0.078125 0.078125
7.968750 1.562500 0.078125 0.078125
7.500000 1.250000 0.312500 0.312500
0
7.812500 1.250000 0.312500 0.312500
0
8.125000 1.250000 0.625000 0.625000
0
8.750000 1.250000 1.250000 1.250000
0
7.500000 0.000000 1.250000 1.250000
0
8.750000 0.000000 1.250000 1.250000
0
