0.312500 9.687500 0.312500 0.312500
1
0.312500 9.062500 0.312500 0.312500
0.937500 9.687500 0.312500 0.312500
0
0.312500 9.062500 0.312500 0.312500
2
0.312500 9.687500 0.312500 0.312500
0.312500 8.437500 0.312500 0.312500
0.937500 9.062500 0.312500 0.312500
0
1.562500 9.687500 0.312500 0.312500
0
2.187500 9.687500 0.312500 0.312500
0
1.562500 9.062500 0.312500 0.312500
0
2.187500 9.062500 0.312500 0.312500
0
0.312500 8.437500 0.312500 0.312500
2
0.312500 9.062500 0.312500 0.312500
0.312500 7.812500 0.312500 0.312500
0.937500 8.437500 0.312500 0.312500
0
0.312500 7.812500 0.312500 0.312500
2
0.312500 8.437500 0.312500 0.312500
0.312500 7.187500 0.312500 0.312500
0.937500 7.812500 0.312500 0.312500
0
1.875000 8.125000 0.625000 0.625000
0
2.812500 9.687500 0.312500 0.312500
0
3.437500 9.687500 0.312500 0.312500
2
3.437500 9.062500 0.312500 0.312500
4.375000 9.375000 0.625000 0.625000
2.812500 9.062500 0.312500 0.312500
0
3.437500 9.062500 0.312500 0.312500
4
3.437500 9.687500 0.312500 0.312500
4.375000 9.375000 0.625000 0.625000
3.437500 8.437500 0.312500 0.312500
4.375000 8.125000 0.625000 0.625000
4.375000 9.375000 0.625000 0.625000
4
3.437500 9.687500 0.312500 0.312500
3.437500 9.062500 0.312500 0.312500
3.437500 8.437500 0.312500 0.312500
4.375000 8.125000 0.625000 0.625000
2.812500 8.437500 0.312500 0.312500
0
3.437500 8.437500 0.312500 0.312500
4
3.437500 9.062500 0.312500 0.312500
4.375000 9.375000 0.625000 0.625000
3.437500 7.812500 0.312500 0.312500
4.375000 8.125000 0.625000 0.625000
2.812500 7.812500 0.312500 0.312500
0
3.437500 7.812500 0.312500 0.312500
4
3.437500 8.437500 0.312500 0.312500
4.375000 8.125000 0.625000 0.625000
3.437500 7.187500 0.312500 0.312500
4.375000 6.875000 0.625000 0.625000
4.375000 8.125000 0.625000 0.625000
6
3.437500 9.062500 0.312500 0.312500
4.375000 9.375000 0.625000 0.625000
3.437500 8.437500 0.312500 0.312500
3.437500 7.812500 0.312500 0.312500
3.437500 7.187500 0.312500 0.312500
4.375000 6.875000 0.625000 0.625000
0.312500 7.187500 0.312500 0.312500
2
0.312500 7.812500 0.312500 0.312500
0.312500 6.562500 0.312500 0.312500
0.937500 7.187500 0.312500 0.312500
0
0.312500 6.562500 0.312500 0.312500
2
0.312500 7.187500 0.312500 0.312500
0.312500 5.937500 0.312500 0.312500
0.937500 6.562500 0.312500 0.312500
0
1.875000 6.875000 0.625000 0.625000
0
0.312500 5.937500 0.312500 0.312500
2
0.312500 6.562500 0.312500 0.312500
0.312500 5.312500 0.312500 0.312500
0.937500 5.937500 0.312500 0.312500
0
0.312500 5.312500 0.312500 0.312500
2
0.312500 5.937500 0.312500 0.312500
0.625000 4.375000 0.625000 0.625000
0.937500 5.312500 0.312500 0.312500
0
1.562500 5.937500 0.312500 0.312500
0
2.187500 5.937500 0.312500 0.312500
0
1.562500 5.312500 0.312500 0.312500
0
2.187500 5.312500 0.312500 0.312500
0
2.812500 7.187500 0.312500 0.312500
0
3.437500 7.187500 0.312500 0.312500
4
3.437500 7.812500 0.312500 0.312500
4.375000 8.125000 0.625000 0.625000
3.437500 6.562500 0.312500 0.312500
4.375000 6.875000 0.625000 0.625000
2.812500 6.562500 0.312500 0.312500
0
3.437500 6.562500 0.312500 0.312500
4
3.437500 7.187500 0.312500 0.312500
4.375000 6.875000 0.625000 0.625000
3.437500 5.937500 0.312500 0.312500
4.375000 5.625000 0.625000 0.625000
4.375000 6.875000 0.625000 0.625000
6
3.437500 7.812500 0.312500 0.312500
4.375000 8.125000 0.625000 0.625000
3.437500 7.187500 0.312500 0.312500
3.437500 6.562500 0.312500 0.312500
3.437500 5.937500 0.312500 0.312500
4.375000 5.625000 0.625000 0.625000
2.812500 5.937500 0.312500 0.312500
0
3.437500 5.937500 0.312500 0.312500
4
3.437500 6.562500 0.312500 0.312500
4.375000 6.875000 0.625000 0.625000
3.437500 5.312500 0.312500 0.312500
4.375000 5.625000 0.625000 0.625000
2.812500 5.312500 0.312500 0.312500
0
3.437500 5.312500 0.312500 0.312500
4
3.437500 5.937500 0.312500 0.312500
4.375000 5.625000 0.625000 0.625000
3.125000 4.375000 0.625000 0.625000
4.375000 4.375000 0.625000 0.625000
4.375000 5.625000 0.625000 0.625000
6
3.437500 6.562500 0.312500 0.312500
4.375000 6.875000 0.625000 0.625000
3.437500 5.937500 0.312500 0.312500
3.437500 5.312500 0.312500 0.312500
3.125000 4.375000 0.625000 0.625000
4.375000 4.375000 0.625000 0.625000
5.312500 9.687500 0.312500 0.312500
0
5.937500 9.687500 0.312500 0.312500
0
5.312500 9.062500 0.312500 0.312500
0
5.937500 9.062500 0.312500 0.312500
0
6.562500 9.687500 0.312500 0.312500
0
7.187500 9.687500 0.312500 0.312500
0
6.562500 9.062500 0.312500 0.312500
0
7.187500 9.062500 0.312500 0.312500
0
5.312500 8.437500 0.312500 0.312500
0
5.937500 8.437500 0.312500 0.312500
0
5.312500 7.812500 0.312500 0.312500
0
5.937500 7.812500 0.312500 0.312500
0
6.562500 8.437500 0.312500 0.312500
0
7.187500 8.437500 0.312500 0.312500
0
6.562500 7.812500 0.312500 0.312500
0
7.187500 7.812500 0.312500 0.312500
0
8.750000 8.750000 1.250000 1.250000
2
8.125000 6.875000 0.625000 0.625000
9.375000 6.875000 0.625000 0.625000
5.312500 7.187500 0.312500 0.312500
0
5.937500 7.187500 0.312500 0.312500
0
5.312500 6.562500 0.312500 0.312500
0
5.937500 6.562500 0.312500 0.312500
0
6.562500 7.187500 0.312500 0.312500
0
7.187500 7.187500 0.312500 0.312500
0
6.562500 6.562500 0.312500 0.312500
0
7.187500 6.562500 0.312500 0.312500
0
5.312500 5.937500 0.312500 0.312500
0
5.937500 5.937500 0.312500 0.312500
0
5.312500 5.312500 0.312500 0.312500
0
5.937500 5.312500 0.312500 0.312500
0
6.562500 5.937500 0.312500 0.312500
0
7.187500 5.937500 0.312500 0.312500
0
6.562500 5.312500 0.312500 0.312500
0
7.187500 5.312500 0.312500 0.312500
0
8.125000 6.875000 0.625000 0.625000
2
8.750000 8.750000 1.250000 1.250000
9.375000 6.875000 0.625000 0.625000
9.375000 6.875000 0.625000 0.625000
2
8.750000 8.750000 1.250000 1.250000
8.125000 6.875000 0.625000 0.625000
7.812500 5.937500 0.312500 0.312500
0
8.437500 5.937500 0.312500 0.312500
0
7.812500 5.312500 0.312500 0.312500
0
8.437500 5.312500 0.312500 0.312500
0
9.062500 5.937500 0.312500 0.312500
0
9.687500 5.937500 0.312500 0.312500
0
9.062500 5.312500 0.312500 0.312500
0
9.687500 5.312500 0.312500 0.312500
0
0.625000 4.375000 0.625000 0.625000
5
0.312500 5.312500 0.312500 0.312500
1.875000 4.375000 0.625000 0.625000
0.312500 3.437500 0.312500 0.312500
0.937500 3.437500 0.312500 0.312500
1.562500 3.437500 0.312500 0.312500
1.875000 4.375000 0.625000 0.625000
6
0.625000 4.375000 0.625000 0.625000
0.937500 3.437500 0.312500 0.312500
1.562500 3.437500 0.312500 0.312500
2.187500 3.437500 0.312500 0.312500
3.125000 4.375000 0.625000 0.625000
2.812500 3.437500 0.312500 0.312500
0.312500 3.437500 0.312500 0.312500
3
0.625000 4.375000 0.625000 0.625000
0.937500 3.437500 0.312500 0.312500
0.312500 2.812500 0.312500 0.312500
0.937500 3.437500 0.312500 0.312500
5
0.625000 4.375000 0.625000 0.625000
1.875000 4.375000 0.625000 0.625000
0.312500 3.437500 0.312500 0.312500
0.312500 2.812500 0.312500 0.312500
1.562500 3.437500 0.312500 0.312500
0.312500 2.812500 0.312500 0.312500
3
0.312500 3.437500 0.312500 0.312500
0.937500 3.437500 0.312500 0.312500
0.312500 2.187500 0.312500 0.312500
0.937500 2.812500 0.312500 0.312500
0
1.562500 3.437500 0.312500 0.312500
4
0.625000 4.375000 0.625000 0.625000
1.875000 4.375000 0.625000 0.625000
0.937500 3.437500 0.312500 0.312500
2.187500 3.437500 0.312500 0.312500
2.187500 3.437500 0.312500 0.312500
4
1.875000 4.375000 0.625000 0.625000
1.562500 3.437500 0.312500 0.312500
3.125000 4.375000 0.625000 0.625000
2.812500 3.437500 0.312500 0.312500
1.562500 2.812500 0.312500 0.312500
0
2.187500 2.812500 0.312500 0.312500
0
3.125000 4.375000 0.625000 0.625000
8
3.437500 5.312500 0.312500 0.312500
4.375000 5.625000 0.625000 0.625000
1.875000 4.375000 0.625000 0.625000
2.187500 3.437500 0.312500 0.312500
4.375000 4.375000 0.625000 0.625000
2.812500 3.437500 0.312500 0.312500
3.437500 3.437500 0.312500 0.312500
4.375000 3.125000 0.625000 0.625000
4.375000 4.375000 0.625000 0.625000
5
3.437500 5.312500 0.312500 0.312500
4.375000 5.625000 0.625000 0.625000
3.125000 4.375000 0.625000 0.625000
3.437500 3.437500 0.312500 0.312500
4.375000 3.125000 0.625000 0.625000
2.812500 3.437500 0.312500 0.312500
5
1.875000 4.375000 0.625000 0.625000
2.187500 3.437500 0.312500 0.312500
3.125000 4.375000 0.625000 0.625000
3.437500 3.437500 0.312500 0.312500
3.437500 2.812500 0.312500 0.312500
3.437500 3.437500 0.312500 0.312500
5
3.125000 4.375000 0.625000 0.625000
4.375000 4.375000 0.625000 0.625000
2.812500 3.437500 0.312500 0.312500
3.437500 2.812500 0.312500 0.312500
4.375000 3.125000 0.625000 0.625000
2.812500 2.812500 0.312500 0.312500
0
3.437500 2.812500 0.312500 0.312500
5
2.812500 3.437500 0.312500 0.312500
3.437500 3.437500 0.312500 0.312500
4.375000 3.125000 0.625000 0.625000
3.437500 2.187500 0.312500 0.312500
4.375000 1.875000 0.625000 0.625000
4.375000 3.125000 0.625000 0.625000
6
3.125000 4.375000 0.625000 0.625000
4.375000 4.375000 0.625000 0.625000
3.437500 3.437500 0.312500 0.312500
3.437500 2.812500 0.312500 0.312500
3.437500 2.187500 0.312500 0.312500
4.375000 1.875000 0.625000 0.625000
0.312500 2.187500 0.312500 0.312500
2
0.312500 2.812500 0.312500 0.312500
0.312500 1.562500 0.312500 0.312500
0.937500 2.187500 0.312500 0.312500
0
0.312500 1.562500 0.312500 0.312500
2
0.312500 2.187500 0.312500 0.312500
0.312500 0.937500 0.312500 0.312500
0.937500 1.562500 0.312500 0.312500
0
1.875000 1.875000 0.625000 0.625000
0
0.312500 0.937500 0.312500 0.312500
2
0.312500 1.562500 0.312500 0.312500
0.312500 0.312500 0.312500 0.312500
0.937500 0.937500 0.312500 0.312500
0
0.312500 0.312500 0.312500 0.312500
1
0.312500 0.937500 0.312500 0.312500
0.937500 0.312500 0.312500 0.312500
0
1.562500 0.937500 0.312500 0.312500
0
2.187500 0.937500 0.312500 0.312500
0
1.562500 0.312500 0.312500 0.312500
0
2.187500 0.312500 0.312500 0.312500
0
2.812500 2.187500 0.312500 0.312500
0
3.437500 2.187500 0.312500 0.312500
4
3.437500 2.812500 0.312500 0.312500
4.375000 3.125000 0.625000 0.625000
3.437500 1.562500 0.312500 0.312500
4.375000 1.875000 0.625000 0.625000
2.812500 1.562500 0.312500 0.312500
0
3.437500 1.562500 0.312500 0.312500
4
3.437500 2.187500 0.312500 0.312500
4.375000 1.875000 0.625000 0.625000
3.437500 0.937500 0.312500 0.312500
4.375000 0.625000 0.625000 0.625000
4.375000 1.875000 0.625000 0.625000
8
3.437500 2.812500 0.312500 0.312500
4.375000 3.125000 0.625000 0.625000
3.437500 2.187500 0.312500 0.312500
3.437500 1.562500 0.312500 0.312500
3.437500 0.937500 0.312500 0.312500
4.375000 0.625000 0.625000 0.625000
5.312500 1.562500 0.312500 0.312500
5.625000 0.625000 0.625000 0.625000
2.812500 0.937500 0.312500 0.312500
0
3.437500 0.937500 0.312500 0.312500
4
3.437500 1.562500 0.312500 0.312500
4.375000 1.875000 0.625000 0.625000
3.437500 0.312500 0.312500 0.312500
4.375000 0.625000 0.625000 0.625000
2.812500 0.312500 0.312500 0.312500
0
3.437500 0.312500 0.312500 0.312500
2
3.437500 0.937500 0.312500 0.312500
4.375000 0.625000 0.625000 0.625000
4.375000 0.625000 0.625000 0.625000
6
3.437500 1.562500 0.312500 0.312500
4.375000 1.875000 0.625000 0.625000
3.437500 0.937500 0.312500 0.312500
3.437500 0.312500 0.312500 0.312500
5.312500 1.562500 0.312500 0.312500
5.625000 0.625000 0.625000 0.625000
5.312500 4.687500 0.312500 0.312500
0
5.937500 4.687500 0.312500 0.312500
0
5.312500 4.062500 0.312500 0.312500
0
5.937500 4.062500 0.312500 0.312500
0
6.562500 4.687500 0.312500 0.312500
0
7.187500 4.687500 0.312500 0.312500
0
6.562500 4.062500 0.312500 0.312500
0
7.187500 4.062500 0.312500 0.312500
0
5.312500 3.437500 0.312500 0.312500
0
5.937500 3.437500 0.312500 0.312500
0
5.312500 2.812500 0.312500 0.312500
0
5.937500 2.812500 0.312500 0.312500
0
6.562500 3.437500 0.312500 0.312500
0
7.187500 3.437500 0.312500 0.312500
0
6.562500 2.812500 0.312500 0.312500
0
7.187500 2.812500 0.312500 0.312500
0
7.812500 4.687500 0.312500 0.312500
0
8.437500 4.687500 0.312500 0.312500
0
7.812500 4.062500 0.312500 0.312500
0
8.437500 4.062500 0.312500 0.312500
0
9.062500 4.687500 0.312500 0.312500
0
9.687500 4.687500 0.312500 0.312500
0
9.062500 4.062500 0.312500 0.312500
0
9.687500 4.062500 0.312500 0.312500
0
8.125000 3.125000 0.625000 0.625000
2
9.375000 3.125000 0.625000 0.625000
8.750000 1.250000 1.250000 1.250000
9.375000 3.125000 0.625000 0.625000
2
8.125000 3.125000 0.625000 0.625000
8.750000 1.250000 1.250000 1.250000
5.312500 2.187500 0.312500 0.312500
0
5.937500 2.187500 0.312500 0.312500
0
5.312500 1.562500 0.312500 0.312500
4
4.375000 1.875000 0.625000 0.625000
4.375000 0.625000 0.625000 0.625000
5.937500 1.562500 0.312500 0.312500
5.625000 0.625000 0.625000 0.625000
5.937500 1.562500 0.312500 0.312500
4
5.312500 1.562500 0.312500 0.312500
6.562500 1.562500 0.312500 0.312500
5.625000 0.625000 0.625000 0.625000
6.875000 0.625000 0.625000 0.625000
6.562500 2.187500 0.312500 0.312500
0
7.187500 2.187500 0.312500 0.312500
0
6.562500 1.562500 0.312500 0.312500
4
5.937500 1.562500 0.312500 0.312500
7.187500 1.562500 0.312500 0.312500
5.625000 0.625000 0.625000 0.625000
6.875000 0.625000 0.625000 0.625000
7.187500 1.562500 0.312500 0.312500
3
6.562500 1.562500 0.312500 0.312500
6.875000 0.625000 0.625000 0.625000
8.750000 1.250000 1.250000 1.250000
5.625000 0.625000 0.625000 0.625000
6
4.375000 1.875000 0.625000 0.625000
4.375000 0.625000 0.625000 0.625000
5.312500 1.562500 0.312500 0.312500
5.937500 1.562500 0.312500 0.312500
6.562500 1.562500 0.312500 0.312500
6.875000 0.625000 0.625000 0.625000
6.875000 0.625000 0.625000 0.625000
5
5.937500 1.562500 0.312500 0.312500
6.562500 1.562500 0.312500 0.312500
7.187500 1.562500 0.312500 0.312500
5.625000 0.625000 0.625000 0.625000
8.750000 1.250000 1.250000 1.250000
8.750000 1.250000 1.250000 1.250000
4
8.125000 3.125000 0.625000 0.625000
9.375000 3.125000 0.625000 0.625000
7.187500 1.562500 0.312500 0.312500
6.875000 0.625000 0.625000 0.625000
