1 UV x 50 50 1.000000 1.000000 0.000000 0.000000
0.2000 0.3000
0.1947 0.3068
0.1896 0.3137
0.1846 0.3208
0.1797 0.3281
0.1751 0.3356
0.1705 0.3433
0.1662 0.3511
0.1619 0.3592
0.1579 0.3673
0.1539 0.3757
0.1501 0.3842
0.1465 0.3929
0.1430 0.4017
0.1396 0.4107
0.1364 0.4197
0.1332 0.4290
0.1303 0.4383
0.1274 0.4478
0.1247 0.4573
0.1220 0.4669
0.1195 0.4766
0.1172 0.4864
0.1149 0.4962
0.1127 0.5061
0.1106 0.5160
0.1086 0.5259
0.1067 0.5358
0.1049 0.5457
0.1032 0.5556
0.1015 0.5654
0.0999 0.5752
0.0984 0.5849
0.0970 0.5946
0.0956 0.6042
0.0942 0.6137
0.0929 0.6231
0.0917 0.6324
0.0905 0.6416
0.0893 0.6506
0.0881 0.6599
0.0870 0.6685
0.0859 0.6768
0.0849 0.6848
0.0839 0.6925
0.0830 0.6996
0.0821 0.7062
0.0813 0.7120
0.0806 0.7169
0.0800 0.7206
0.0797 0.7226