0.000000 9.375000 0.625000 0.625000
0.625000 9.375000 0.625000 0.625000
0.000000 9.062500 0.312500 0.312500
0.312500 9.062500 0.312500 0.312500
0.000000 8.906250 0.156250 0.156250
0.156250 8.906250 0.156250 0.156250
0.000000 8.750000 0.156250 0.156250
0.156250 8.828125 0.078125 0.078125
0.234375 8.828125 0.078125 0.078125
0.156250 8.750000 0.078125 0.078125
0.234375 8.750000 0.078125 0.078125
0.312500 8.906250 0.156250 0.156250
0.468750 8.906250 0.156250 0.156250
0.312500 8.828125 0.078125 0.078125
0.390625 8.828125 0.078125 0.078125
0.312500 8.750000 0.078125 0.078125
0.390625 8.750000 0.078125 0.078125
0.468750 8.828125 0.078125 0.078125
0.546875 8.828125 0.078125 0.078125
0.468750 8.750000 0.078125 0.078125
0.546875 8.750000 0.078125 0.078125
0.625000 9.062500 0.312500 0.312500
0.937500 9.062500 0.312500 0.312500
0.625000 8.906250 0.156250 0.156250
0.781250 8.906250 0.156250 0.156250
0.625000 8.828125 0.078125 0.078125
0.703125 8.828125 0.078125 0.078125
0.625000 8.750000 0.078125 0.078125
0.703125 8.750000 0.078125 0.078125
0.781250 8.828125 0.078125 0.078125
0.859375 8.828125 0.078125 0.078125
0.781250 8.750000 0.078125 0.078125
0.859375 8.750000 0.078125 0.078125
0.937500 8.906250 0.156250 0.156250
1.093750 8.906250 0.156250 0.156250
0.937500 8.828125 0.078125 0.078125
1.015625 8.828125 0.078125 0.078125
0.937500 8.750000 0.078125 0.078125
1.015625 8.750000 0.078125 0.078125
1.093750 8.828125 0.078125 0.078125
1.171875 8.828125 0.078125 0.078125
1.093750 8.750000 0.078125 0.078125
1.171875 8.750000 0.078125 0.078125
1.250000 9.375000 0.625000 0.625000
1.875000 9.375000 0.625000 0.625000
1.250000 9.062500 0.312500 0.312500
1.562500 9.062500 0.312500 0.312500
1.250000 8.906250 0.156250 0.156250
1.406250 8.906250 0.156250 0.156250
1.250000 8.828125 0.078125 0.078125
1.328125 8.828125 0.078125 0.078125
1.250000 8.750000 0.078125 0.078125
1.328125 8.750000 0.078125 0.078125
1.406250 8.828125 0.078125 0.078125
1.484375 8.828125 0.078125 0.078125
1.406250 8.750000 0.078125 0.078125
1.484375 8.750000 0.078125 0.078125
1.562500 8.906250 0.156250 0.156250
1.718750 8.906250 0.156250 0.156250
1.562500 8.828125 0.078125 0.078125
1.640625 8.828125 0.078125 0.078125
1.562500 8.750000 0.078125 0.078125
1.640625 8.750000 0.078125 0.078125
1.718750 8.828125 0.078125 0.078125
1.796875 8.828125 0.078125 0.078125
1.718750 8.750000 0.078125 0.078125
1.796875 8.750000 0.078125 0.078125
1.875000 9.062500 0.312500 0.312500
2.187500 9.062500 0.312500 0.312500
1.875000 8.906250 0.156250 0.156250
2.031250 8.906250 0.156250 0.156250
1.875000 8.828125 0.078125 0.078125
1.953125 8.828125 0.078125 0.078125
1.875000 8.750000 0.078125 0.078125
1.953125 8.750000 0.078125 0.078125
2.031250 8.828125 0.078125 0.078125
2.109375 8.828125 0.078125 0.078125
2.031250 8.750000 0.078125 0.078125
2.109375 8.750000 0.078125 0.078125
2.187500 8.906250 0.156250 0.156250
2.343750 8.906250 0.156250 0.156250
2.187500 8.828125 0.078125 0.078125
2.265625 8.828125 0.078125 0.078125
2.187500 8.750000 0.078125 0.078125
2.265625 8.750000 0.078125 0.078125
2.343750 8.828125 0.078125 0.078125
2.421875 8.828125 0.078125 0.078125
2.343750 8.750000 0.078125 0.078125
2.421875 8.750000 0.078125 0.078125
0.000000 8.593750 0.156250 0.156250
0.156250 8.671875 0.078125 0.078125
0.234375 8.671875 0.078125 0.078125
0.156250 8.593750 0.078125 0.078125
0.234375 8.593750 0.078125 0.078125
0.000000 8.437500 0.156250 0.156250
0.156250 8.515625 0.078125 0.078125
0.234375 8.515625 0.078125 0.078125
0.156250 8.437500 0.078125 0.078125
0.234375 8.437500 0.078125 0.078125
0.312500 8.671875 0.078125 0.078125
0.390625 8.671875 0.078125 0.078125
0.312500 8.593750 0.078125 0.078125
0.390625 8.593750 0.078125 0.078125
0.468750 8.671875 0.078125 0.078125
0.546875 8.671875 0.078125 0.078125
0.468750 8.593750 0.078125 0.078125
0.546875 8.593750 0.078125 0.078125
0.312500 8.437500 0.156250 0.156250
0.468750 8.437500 0.156250 0.156250
0.000000 8.281250 0.156250 0.156250
0.156250 8.359375 0.078125 0.078125
0.234375 8.359375 0.078125 0.078125
0.156250 8.281250 0.078125 0.078125
0.234375 8.281250 0.078125 0.078125
0.000000 8.125000 0.156250 0.156250
0.156250 8.203125 0.078125 0.078125
0.234375 8.203125 0.078125 0.078125
0.156250 8.125000 0.078125 0.078125
0.234375 8.125000 0.078125 0.078125
0.312500 8.125000 0.312500 0.312500
0.625000 8.671875 0.078125 0.078125
0.703125 8.671875 0.078125 0.078125
0.625000 8.593750 0.078125 0.078125
0.703125 8.593750 0.078125 0.078125
0.781250 8.671875 0.078125 0.078125
0.859375 8.671875 0.078125 0.078125
0.781250 8.593750 0.078125 0.078125
0.859375 8.593750 0.078125 0.078125
0.625000 8.437500 0.156250 0.156250
0.781250 8.437500 0.156250 0.156250
0.937500 8.671875 0.078125 0.078125
1.015625 8.671875 0.078125 0.078125
0.937500 8.593750 0.078125 0.078125
1.015625 8.593750 0.078125 0.078125
1.093750 8.671875 0.078125 0.078125
1.171875 8.671875 0.078125 0.078125
1.093750 8.593750 0.078125 0.078125
1.171875 8.593750 0.078125 0.078125
0.937500 8.437500 0.156250 0.156250
1.093750 8.437500 0.156250 0.156250
0.625000 8.125000 0.312500 0.312500
0.937500 8.125000 0.312500 0.312500
0.000000 7.968750 0.156250 0.156250
0.156250 8.046875 0.078125 0.078125
0.234375 8.046875 0.078125 0.078125
0.156250 7.968750 0.078125 0.078125
0.234375 7.968750 0.078125 0.078125
0.000000 7.812500 0.156250 0.156250
0.156250 7.890625 0.078125 0.078125
0.234375 7.890625 0.078125 0.078125
0.156250 7.812500 0.078125 0.078125
0.234375 7.812500 0.078125 0.078125
0.312500 7.812500 0.312500 0.312500
0.000000 7.656250 0.156250 0.156250
0.156250 7.734375 0.078125 0.078125
0.234375 7.734375 0.078125 0.078125
0.156250 7.656250 0.078125 0.078125
0.234375 7.656250 0.078125 0.078125
0.000000 7.500000 0.156250 0.156250
0.156250 7.578125 0.078125 0.078125
0.234375 7.578125 0.078125 0.078125
0.156250 7.500000 0.078125 0.078125
0.234375 7.500000 0.078125 0.078125
0.312500 7.500000 0.312500 0.312500
0.625000 7.500000 0.625000 0.625000
1.250000 8.671875 0.078125 0.078125
1.328125 8.671875 0.078125 0.078125
1.250000 8.593750 0.078125 0.078125
1.328125 8.593750 0.078125 0.078125
1.406250 8.671875 0.078125 0.078125
1.484375 8.671875 0.078125 0.078125
1.406250 8.593750 0.078125 0.078125
1.484375 8.593750 0.078125 0.078125
1.250000 8.437500 0.156250 0.156250
1.406250 8.437500 0.156250 0.156250
1.562500 8.671875 0.078125 0.078125
1.640625 8.671875 0.078125 0.078125
1.562500 8.593750 0.078125 0.078125
1.640625 8.593750 0.078125 0.078125
1.718750 8.671875 0.078125 0.078125
1.796875 8.671875 0.078125 0.078125
1.718750 8.593750 0.078125 0.078125
1.796875 8.593750 0.078125 0.078125
1.562500 8.437500 0.156250 0.156250
1.718750 8.437500 0.156250 0.156250
1.250000 8.125000 0.312500 0.312500
1.562500 8.125000 0.312500 0.312500
1.875000 8.671875 0.078125 0.078125
1.953125 8.671875 0.078125 0.078125
1.875000 8.593750 0.078125 0.078125
1.953125 8.593750 0.078125 0.078125
2.031250 8.671875 0.078125 0.078125
2.109375 8.671875 0.078125 0.078125
2.031250 8.593750 0.078125 0.078125
2.109375 8.593750 0.078125 0.078125
1.875000 8.437500 0.156250 0.156250
2.031250 8.437500 0.156250 0.156250
2.187500 8.671875 0.078125 0.078125
2.265625 8.671875 0.078125 0.078125
2.187500 8.593750 0.078125 0.078125
2.265625 8.593750 0.078125 0.078125
2.343750 8.671875 0.078125 0.078125
2.421875 8.671875 0.078125 0.078125
2.343750 8.593750 0.078125 0.078125
2.421875 8.593750 0.078125 0.078125
2.187500 8.437500 0.156250 0.156250
2.343750 8.437500 0.156250 0.156250
1.875000 8.125000 0.312500 0.312500
2.187500 8.125000 0.312500 0.312500
1.250000 7.500000 0.625000 0.625000
1.875000 7.500000 0.625000 0.625000
2.500000 9.375000 0.625000 0.625000
3.125000 9.375000 0.625000 0.625000
2.500000 9.062500 0.312500 0.312500
2.812500 9.062500 0.312500 0.312500
2.500000 8.906250 0.156250 0.156250
2.656250 8.906250 0.156250 0.156250
2.500000 8.828125 0.078125 0.078125
2.578125 8.828125 0.078125 0.078125
2.500000 8.750000 0.078125 0.078125
2.578125 8.750000 0.078125 0.078125
2.656250 8.828125 0.078125 0.078125
2.734375 8.828125 0.078125 0.078125
2.656250 8.750000 0.078125 0.078125
2.734375 8.750000 0.078125 0.078125
2.812500 8.906250 0.156250 0.156250
2.968750 8.906250 0.156250 0.156250
2.812500 8.828125 0.078125 0.078125
2.890625 8.828125 0.078125 0.078125
2.812500 8.750000 0.078125 0.078125
2.890625 8.750000 0.078125 0.078125
2.968750 8.828125 0.078125 0.078125
3.046875 8.828125 0.078125 0.078125
2.968750 8.750000 0.078125 0.078125
3.046875 8.750000 0.078125 0.078125
3.125000 9.062500 0.312500 0.312500
3.437500 9.062500 0.312500 0.312500
3.125000 8.906250 0.156250 0.156250
3.281250 8.906250 0.156250 0.156250
3.125000 8.828125 0.078125 0.078125
3.203125 8.828125 0.078125 0.078125
3.125000 8.750000 0.078125 0.078125
3.203125 8.750000 0.078125 0.078125
3.281250 8.828125 0.078125 0.078125
3.359375 8.828125 0.078125 0.078125
3.281250 8.750000 0.078125 0.078125
3.359375 8.750000 0.078125 0.078125
3.437500 8.906250 0.156250 0.156250
3.593750 8.906250 0.156250 0.156250
3.437500 8.828125 0.078125 0.078125
3.515625 8.828125 0.078125 0.078125
3.437500 8.750000 0.078125 0.078125
3.515625 8.750000 0.078125 0.078125
3.593750 8.828125 0.078125 0.078125
3.671875 8.828125 0.078125 0.078125
3.593750 8.750000 0.078125 0.078125
3.671875 8.750000 0.078125 0.078125
3.750000 9.375000 0.625000 0.625000
4.375000 9.375000 0.625000 0.625000
3.750000 9.062500 0.312500 0.312500
4.062500 9.062500 0.312500 0.312500
3.750000 8.906250 0.156250 0.156250
3.906250 8.906250 0.156250 0.156250
3.750000 8.828125 0.078125 0.078125
3.828125 8.828125 0.078125 0.078125
3.750000 8.750000 0.078125 0.078125
3.828125 8.750000 0.078125 0.078125
3.906250 8.750000 0.156250 0.156250
4.062500 8.750000 0.312500 0.312500
4.375000 8.750000 0.625000 0.625000
2.500000 8.671875 0.078125 0.078125
2.578125 8.671875 0.078125 0.078125
2.500000 8.593750 0.078125 0.078125
2.578125 8.593750 0.078125 0.078125
2.656250 8.671875 0.078125 0.078125
2.734375 8.671875 0.078125 0.078125
2.656250 8.593750 0.078125 0.078125
2.734375 8.593750 0.078125 0.078125
2.500000 8.437500 0.156250 0.156250
2.656250 8.437500 0.156250 0.156250
2.812500 8.671875 0.078125 0.078125
2.890625 8.671875 0.078125 0.078125
2.812500 8.593750 0.078125 0.078125
2.890625 8.593750 0.078125 0.078125
2.968750 8.671875 0.078125 0.078125
3.046875 8.671875 0.078125 0.078125
2.968750 8.593750 0.078125 0.078125
3.046875 8.593750 0.078125 0.078125
2.812500 8.437500 0.156250 0.156250
2.968750 8.437500 0.156250 0.156250
2.500000 8.125000 0.312500 0.312500
2.812500 8.125000 0.312500 0.312500
3.125000 8.671875 0.078125 0.078125
3.203125 8.671875 0.078125 0.078125
3.125000 8.593750 0.078125 0.078125
3.203125 8.593750 0.078125 0.078125
3.281250 8.671875 0.078125 0.078125
3.359375 8.671875 0.078125 0.078125
3.281250 8.593750 0.078125 0.078125
3.359375 8.593750 0.078125 0.078125
3.125000 8.437500 0.156250 0.156250
3.281250 8.437500 0.156250 0.156250
3.437500 8.671875 0.078125 0.078125
3.515625 8.671875 0.078125 0.078125
3.437500 8.593750 0.078125 0.078125
3.515625 8.593750 0.078125 0.078125
3.593750 8.671875 0.078125 0.078125
3.671875 8.671875 0.078125 0.078125
3.593750 8.593750 0.078125 0.078125
3.671875 8.593750 0.078125 0.078125
3.437500 8.437500 0.156250 0.156250
3.593750 8.515625 0.078125 0.078125
3.671875 8.515625 0.078125 0.078125
3.593750 8.437500 0.078125 0.078125
3.671875 8.437500 0.078125 0.078125
3.125000 8.125000 0.312500 0.312500
3.437500 8.281250 0.156250 0.156250
3.593750 8.359375 0.078125 0.078125
3.671875 8.359375 0.078125 0.078125
3.593750 8.281250 0.078125 0.078125
3.671875 8.281250 0.078125 0.078125
3.437500 8.125000 0.156250 0.156250
3.593750 8.203125 0.078125 0.078125
3.671875 8.203125 0.078125 0.078125
3.593750 8.125000 0.078125 0.078125
3.671875 8.125000 0.078125 0.078125
2.500000 7.500000 0.625000 0.625000
3.125000 7.812500 0.312500 0.312500
3.437500 7.968750 0.156250 0.156250
3.593750 8.046875 0.078125 0.078125
3.671875 8.046875 0.078125 0.078125
3.593750 7.968750 0.078125 0.078125
3.671875 7.968750 0.078125 0.078125
3.437500 7.812500 0.156250 0.156250
3.593750 7.890625 0.078125 0.078125
3.671875 7.890625 0.078125 0.078125
3.593750 7.812500 0.078125 0.078125
3.671875 7.812500 0.078125 0.078125
3.125000 7.500000 0.312500 0.312500
3.437500 7.656250 0.156250 0.156250
3.593750 7.734375 0.078125 0.078125
3.671875 7.734375 0.078125 0.078125
3.593750 7.656250 0.078125 0.078125
3.671875 7.656250 0.078125 0.078125
3.437500 7.500000 0.156250 0.156250
3.593750 7.578125 0.078125 0.078125
3.671875 7.578125 0.078125 0.078125
3.593750 7.500000 0.078125 0.078125
3.671875 7.500000 0.078125 0.078125
3.750000 8.671875 0.078125 0.078125
3.828125 8.671875 0.078125 0.078125
3.750000 8.593750 0.078125 0.078125
3.828125 8.593750 0.078125 0.078125
3.906250 8.593750 0.156250 0.156250
3.750000 8.515625 0.078125 0.078125
3.828125 8.515625 0.078125 0.078125
3.750000 8.437500 0.078125 0.078125
3.828125 8.437500 0.078125 0.078125
3.906250 8.437500 0.156250 0.156250
4.062500 8.437500 0.312500 0.312500
3.750000 8.359375 0.078125 0.078125
3.828125 8.359375 0.078125 0.078125
3.750000 8.281250 0.078125 0.078125
3.828125 8.281250 0.078125 0.078125
3.906250 8.281250 0.156250 0.156250
3.750000 8.203125 0.078125 0.078125
3.828125 8.203125 0.078125 0.078125
3.750000 8.125000 0.078125 0.078125
3.828125 8.125000 0.078125 0.078125
3.906250 8.125000 0.156250 0.156250
4.062500 8.125000 0.312500 0.312500
4.375000 8.125000 0.625000 0.625000
3.750000 8.046875 0.078125 0.078125
3.828125 8.046875 0.078125 0.078125
3.750000 7.968750 0.078125 0.078125
3.828125 7.968750 0.078125 0.078125
3.906250 7.968750 0.156250 0.156250
3.750000 7.890625 0.078125 0.078125
3.828125 7.890625 0.078125 0.078125
3.750000 7.812500 0.078125 0.078125
3.828125 7.812500 0.078125 0.078125
3.906250 7.812500 0.156250 0.156250
4.062500 7.812500 0.312500 0.312500
3.750000 7.734375 0.078125 0.078125
3.828125 7.734375 0.078125 0.078125
3.750000 7.656250 0.078125 0.078125
3.828125 7.656250 0.078125 0.078125
3.906250 7.656250 0.156250 0.156250
3.750000 7.578125 0.078125 0.078125
3.828125 7.578125 0.078125 0.078125
3.750000 7.500000 0.078125 0.078125
3.828125 7.500000 0.078125 0.078125
3.906250 7.500000 0.156250 0.156250
4.062500 7.500000 0.312500 0.312500
4.375000 7.500000 0.625000 0.625000
0.000000 7.343750 0.156250 0.156250
0.156250 7.421875 0.078125 0.078125
0.234375 7.421875 0.078125 0.078125
0.156250 7.343750 0.078125 0.078125
0.234375 7.343750 0.078125 0.078125
0.000000 7.187500 0.156250 0.156250
0.156250 7.265625 0.078125 0.078125
0.234375 7.265625 0.078125 0.078125
0.156250 7.187500 0.078125 0.078125
0.234375 7.187500 0.078125 0.078125
0.312500 7.187500 0.312500 0.312500
0.000000 7.031250 0.156250 0.156250
0.156250 7.109375 0.078125 0.078125
0.234375 7.109375 0.078125 0.078125
0.156250 7.031250 0.078125 0.078125
0.234375 7.031250 0.078125 0.078125
0.000000 6.875000 0.156250 0.156250
0.156250 6.953125 0.078125 0.078125
0.234375 6.953125 0.078125 0.078125
0.156250 6.875000 0.078125 0.078125
0.234375 6.875000 0.078125 0.078125
0.312500 6.875000 0.312500 0.312500
0.625000 6.875000 0.625000 0.625000
0.000000 6.718750 0.156250 0.156250
0.156250 6.796875 0.078125 0.078125
0.234375 6.796875 0.078125 0.078125
0.156250 6.718750 0.078125 0.078125
0.234375 6.718750 0.078125 0.078125
0.000000 6.562500 0.156250 0.156250
0.156250 6.640625 0.078125 0.078125
0.234375 6.640625 0.078125 0.078125
0.156250 6.562500 0.078125 0.078125
0.234375 6.562500 0.078125 0.078125
0.312500 6.562500 0.312500 0.312500
0.000000 6.406250 0.156250 0.156250
0.156250 6.484375 0.078125 0.078125
0.234375 6.484375 0.078125 0.078125
0.156250 6.406250 0.078125 0.078125
0.234375 6.406250 0.078125 0.078125
0.000000 6.250000 0.156250 0.156250
0.156250 6.328125 0.078125 0.078125
0.234375 6.328125 0.078125 0.078125
0.156250 6.250000 0.078125 0.078125
0.234375 6.250000 0.078125 0.078125
0.312500 6.250000 0.312500 0.312500
0.625000 6.250000 0.625000 0.625000
1.250000 6.250000 1.250000 1.250000
0.000000 6.093750 0.156250 0.156250
0.156250 6.171875 0.078125 0.078125
0.234375 6.171875 0.078125 0.078125
0.156250 6.093750 0.078125 0.078125
0.234375 6.093750 0.078125 0.078125
0.000000 5.937500 0.156250 0.156250
0.156250 6.015625 0.078125 0.078125
0.234375 6.015625 0.078125 0.078125
0.156250 5.937500 0.078125 0.078125
0.234375 5.937500 0.078125 0.078125
0.312500 5.937500 0.312500 0.312500
0.000000 5.781250 0.156250 0.156250
0.156250 5.859375 0.078125 0.078125
0.234375 5.859375 0.078125 0.078125
0.156250 5.781250 0.078125 0.078125
0.234375 5.781250 0.078125 0.078125
0.000000 5.625000 0.156250 0.156250
0.156250 5.703125 0.078125 0.078125
0.234375 5.703125 0.078125 0.078125
0.156250 5.625000 0.078125 0.078125
0.234375 5.625000 0.078125 0.078125
0.312500 5.625000 0.312500 0.312500
0.625000 5.625000 0.625000 0.625000
0.000000 5.468750 0.156250 0.156250
0.156250 5.546875 0.078125 0.078125
0.234375 5.546875 0.078125 0.078125
0.156250 5.468750 0.078125 0.078125
0.234375 5.468750 0.078125 0.078125
0.000000 5.312500 0.156250 0.156250
0.156250 5.390625 0.078125 0.078125
0.234375 5.390625 0.078125 0.078125
0.156250 5.312500 0.078125 0.078125
0.234375 5.312500 0.078125 0.078125
0.312500 5.312500 0.312500 0.312500
0.000000 5.156250 0.156250 0.156250
0.156250 5.234375 0.078125 0.078125
0.234375 5.234375 0.078125 0.078125
0.156250 5.156250 0.078125 0.078125
0.234375 5.156250 0.078125 0.078125
0.000000 5.000000 0.156250 0.156250
0.156250 5.000000 0.156250 0.156250
0.312500 5.234375 0.078125 0.078125
0.390625 5.234375 0.078125 0.078125
0.312500 5.156250 0.078125 0.078125
0.390625 5.156250 0.078125 0.078125
0.468750 5.234375 0.078125 0.078125
0.546875 5.234375 0.078125 0.078125
0.468750 5.156250 0.078125 0.078125
0.546875 5.156250 0.078125 0.078125
0.312500 5.000000 0.156250 0.156250
0.468750 5.000000 0.156250 0.156250
0.625000 5.312500 0.312500 0.312500
0.937500 5.312500 0.312500 0.312500
0.625000 5.234375 0.078125 0.078125
0.703125 5.234375 0.078125 0.078125
0.625000 5.156250 0.078125 0.078125
0.703125 5.156250 0.078125 0.078125
0.781250 5.234375 0.078125 0.078125
0.859375 5.234375 0.078125 0.078125
0.781250 5.156250 0.078125 0.078125
0.859375 5.156250 0.078125 0.078125
0.625000 5.000000 0.156250 0.156250
0.781250 5.000000 0.156250 0.156250
0.937500 5.234375 0.078125 0.078125
1.015625 5.234375 0.078125 0.078125
0.937500 5.156250 0.078125 0.078125
1.015625 5.156250 0.078125 0.078125
1.093750 5.234375 0.078125 0.078125
1.171875 5.234375 0.078125 0.078125
1.093750 5.156250 0.078125 0.078125
1.171875 5.156250 0.078125 0.078125
0.937500 5.000000 0.156250 0.156250
1.093750 5.000000 0.156250 0.156250
1.250000 5.625000 0.625000 0.625000
1.875000 5.625000 0.625000 0.625000
1.250000 5.312500 0.312500 0.312500
1.562500 5.312500 0.312500 0.312500
1.250000 5.234375 0.078125 0.078125
1.328125 5.234375 0.078125 0.078125
1.250000 5.156250 0.078125 0.078125
1.328125 5.156250 0.078125 0.078125
1.406250 5.234375 0.078125 0.078125
1.484375 5.234375 0.078125 0.078125
1.406250 5.156250 0.078125 0.078125
1.484375 5.156250 0.078125 0.078125
1.250000 5.000000 0.156250 0.156250
1.406250 5.000000 0.156250 0.156250
1.562500 5.234375 0.078125 0.078125
1.640625 5.234375 0.078125 0.078125
1.562500 5.156250 0.078125 0.078125
1.640625 5.156250 0.078125 0.078125
1.718750 5.234375 0.078125 0.078125
1.796875 5.234375 0.078125 0.078125
1.718750 5.156250 0.078125 0.078125
1.796875 5.156250 0.078125 0.078125
1.562500 5.000000 0.156250 0.156250
1.718750 5.000000 0.156250 0.156250
1.875000 5.312500 0.312500 0.312500
2.187500 5.312500 0.312500 0.312500
1.875000 5.234375 0.078125 0.078125
1.953125 5.234375 0.078125 0.078125
1.875000 5.156250 0.078125 0.078125
1.953125 5.156250 0.078125 0.078125
2.031250 5.234375 0.078125 0.078125
2.109375 5.234375 0.078125 0.078125
2.031250 5.156250 0.078125 0.078125
2.109375 5.156250 0.078125 0.078125
1.875000 5.000000 0.156250 0.156250
2.031250 5.000000 0.156250 0.156250
2.187500 5.234375 0.078125 0.078125
2.265625 5.234375 0.078125 0.078125
2.187500 5.156250 0.078125 0.078125
2.265625 5.156250 0.078125 0.078125
2.343750 5.234375 0.078125 0.078125
2.421875 5.234375 0.078125 0.078125
2.343750 5.156250 0.078125 0.078125
2.421875 5.156250 0.078125 0.078125
2.187500 5.000000 0.156250 0.156250
2.343750 5.000000 0.156250 0.156250
2.500000 6.875000 0.625000 0.625000
3.125000 7.187500 0.312500 0.312500
3.437500 7.343750 0.156250 0.156250
3.593750 7.421875 0.078125 0.078125
3.671875 7.421875 0.078125 0.078125
3.593750 7.343750 0.078125 0.078125
3.671875 7.343750 0.078125 0.078125
3.437500 7.187500 0.156250 0.156250
3.593750 7.265625 0.078125 0.078125
3.671875 7.265625 0.078125 0.078125
3.593750 7.187500 0.078125 0.078125
3.671875 7.187500 0.078125 0.078125
3.125000 6.875000 0.312500 0.312500
3.437500 7.031250 0.156250 0.156250
3.593750 7.109375 0.078125 0.078125
3.671875 7.109375 0.078125 0.078125
3.593750 7.031250 0.078125 0.078125
3.671875 7.031250 0.078125 0.078125
3.437500 6.875000 0.156250 0.156250
3.593750 6.953125 0.078125 0.078125
3.671875 6.953125 0.078125 0.078125
3.593750 6.875000 0.078125 0.078125
3.671875 6.875000 0.078125 0.078125
2.500000 6.250000 0.625000 0.625000
3.125000 6.562500 0.312500 0.312500
3.437500 6.718750 0.156250 0.156250
3.593750 6.796875 0.078125 0.078125
3.671875 6.796875 0.078125 0.078125
3.593750 6.718750 0.078125 0.078125
3.671875 6.718750 0.078125 0.078125
3.437500 6.562500 0.156250 0.156250
3.593750 6.640625 0.078125 0.078125
3.671875 6.640625 0.078125 0.078125
3.593750 6.562500 0.078125 0.078125
3.671875 6.562500 0.078125 0.078125
3.125000 6.250000 0.312500 0.312500
3.437500 6.406250 0.156250 0.156250
3.593750 6.484375 0.078125 0.078125
3.671875 6.484375 0.078125 0.078125
3.593750 6.406250 0.078125 0.078125
3.671875 6.406250 0.078125 0.078125
3.437500 6.250000 0.156250 0.156250
3.593750 6.328125 0.078125 0.078125
3.671875 6.328125 0.078125 0.078125
3.593750 6.250000 0.078125 0.078125
3.671875 6.250000 0.078125 0.078125
3.750000 7.421875 0.078125 0.078125
3.828125 7.421875 0.078125 0.078125
3.750000 7.343750 0.078125 0.078125
3.828125 7.343750 0.078125 0.078125
3.906250 7.343750 0.156250 0.156250
3.750000 7.265625 0.078125 0.078125
3.828125 7.265625 0.078125 0.078125
3.750000 7.187500 0.078125 0.078125
3.828125 7.187500 0.078125 0.078125
3.906250 7.187500 0.156250 0.156250
4.062500 7.187500 0.312500 0.312500
3.750000 7.109375 0.078125 0.078125
3.828125 7.109375 0.078125 0.078125
3.750000 7.031250 0.078125 0.078125
3.828125 7.031250 0.078125 0.078125
3.906250 7.031250 0.156250 0.156250
3.750000 6.953125 0.078125 0.078125
3.828125 6.953125 0.078125 0.078125
3.750000 6.875000 0.078125 0.078125
3.828125 6.875000 0.078125 0.078125
3.906250 6.875000 0.156250 0.156250
4.062500 6.875000 0.312500 0.312500
4.375000 6.875000 0.625000 0.625000
3.750000 6.796875 0.078125 0.078125
3.828125 6.796875 0.078125 0.078125
3.750000 6.718750 0.078125 0.078125
3.828125 6.718750 0.078125 0.078125
3.906250 6.718750 0.156250 0.156250
3.750000 6.640625 0.078125 0.078125
3.828125 6.640625 0.078125 0.078125
3.750000 6.562500 0.078125 0.078125
3.828125 6.562500 0.078125 0.078125
3.906250 6.562500 0.156250 0.156250
4.062500 6.562500 0.312500 0.312500
3.750000 6.484375 0.078125 0.078125
3.828125 6.484375 0.078125 0.078125
3.750000 6.406250 0.078125 0.078125
3.828125 6.406250 0.078125 0.078125
3.906250 6.406250 0.156250 0.156250
3.750000 6.328125 0.078125 0.078125
3.828125 6.328125 0.078125 0.078125
3.750000 6.250000 0.078125 0.078125
3.828125 6.250000 0.078125 0.078125
3.906250 6.250000 0.156250 0.156250
4.062500 6.250000 0.312500 0.312500
4.375000 6.250000 0.625000 0.625000
2.500000 5.625000 0.625000 0.625000
3.125000 5.937500 0.312500 0.312500
3.437500 6.093750 0.156250 0.156250
3.593750 6.171875 0.078125 0.078125
3.671875 6.171875 0.078125 0.078125
3.593750 6.093750 0.078125 0.078125
3.671875 6.093750 0.078125 0.078125
3.437500 5.937500 0.156250 0.156250
3.593750 6.015625 0.078125 0.078125
3.671875 6.015625 0.078125 0.078125
3.593750 5.937500 0.078125 0.078125
3.671875 5.937500 0.078125 0.078125
3.125000 5.625000 0.312500 0.312500
3.437500 5.781250 0.156250 0.156250
3.593750 5.859375 0.078125 0.078125
3.671875 5.859375 0.078125 0.078125
3.593750 5.781250 0.078125 0.078125
3.671875 5.781250 0.078125 0.078125
3.437500 5.625000 0.156250 0.156250
3.593750 5.703125 0.078125 0.078125
3.671875 5.703125 0.078125 0.078125
3.593750 5.625000 0.078125 0.078125
3.671875 5.625000 0.078125 0.078125
2.500000 5.312500 0.312500 0.312500
2.812500 5.312500 0.312500 0.312500
2.500000 5.234375 0.078125 0.078125
2.578125 5.234375 0.078125 0.078125
2.500000 5.156250 0.078125 0.078125
2.578125 5.156250 0.078125 0.078125
2.656250 5.234375 0.078125 0.078125
2.734375 5.234375 0.078125 0.078125
2.656250 5.156250 0.078125 0.078125
2.734375 5.156250 0.078125 0.078125
2.500000 5.000000 0.156250 0.156250
2.656250 5.000000 0.156250 0.156250
2.812500 5.234375 0.078125 0.078125
2.890625 5.234375 0.078125 0.078125
2.812500 5.156250 0.078125 0.078125
2.890625 5.156250 0.078125 0.078125
2.968750 5.234375 0.078125 0.078125
3.046875 5.234375 0.078125 0.078125
2.968750 5.156250 0.078125 0.078125
3.046875 5.156250 0.078125 0.078125
2.812500 5.000000 0.156250 0.156250
2.968750 5.000000 0.156250 0.156250
3.125000 5.312500 0.312500 0.312500
3.437500 5.468750 0.156250 0.156250
3.593750 5.546875 0.078125 0.078125
3.671875 5.546875 0.078125 0.078125
3.593750 5.468750 0.078125 0.078125
3.671875 5.468750 0.078125 0.078125
3.437500 5.312500 0.156250 0.156250
3.593750 5.390625 0.078125 0.078125
3.671875 5.390625 0.078125 0.078125
3.593750 5.312500 0.078125 0.078125
3.671875 5.312500 0.078125 0.078125
3.125000 5.234375 0.078125 0.078125
3.203125 5.234375 0.078125 0.078125
3.125000 5.156250 0.078125 0.078125
3.203125 5.156250 0.078125 0.078125
3.281250 5.234375 0.078125 0.078125
3.359375 5.234375 0.078125 0.078125
3.281250 5.156250 0.078125 0.078125
3.359375 5.156250 0.078125 0.078125
3.125000 5.000000 0.156250 0.156250
3.281250 5.000000 0.156250 0.156250
3.437500 5.234375 0.078125 0.078125
3.515625 5.234375 0.078125 0.078125
3.437500 5.156250 0.078125 0.078125
3.515625 5.156250 0.078125 0.078125
3.593750 5.234375 0.078125 0.078125
3.671875 5.234375 0.078125 0.078125
3.593750 5.156250 0.078125 0.078125
3.671875 5.156250 0.078125 0.078125
3.437500 5.000000 0.156250 0.156250
3.593750 5.000000 0.156250 0.156250
3.750000 6.171875 0.078125 0.078125
3.828125 6.171875 0.078125 0.078125
3.750000 6.093750 0.078125 0.078125
3.828125 6.093750 0.078125 0.078125
3.906250 6.093750 0.156250 0.156250
3.750000 6.015625 0.078125 0.078125
3.828125 6.015625 0.078125 0.078125
3.750000 5.937500 0.078125 0.078125
3.828125 5.937500 0.078125 0.078125
3.906250 5.937500 0.156250 0.156250
4.062500 5.937500 0.312500 0.312500
3.750000 5.859375 0.078125 0.078125
3.828125 5.859375 0.078125 0.078125
3.750000 5.781250 0.078125 0.078125
3.828125 5.781250 0.078125 0.078125
3.906250 5.781250 0.156250 0.156250
3.750000 5.703125 0.078125 0.078125
3.828125 5.703125 0.078125 0.078125
3.750000 5.625000 0.078125 0.078125
3.828125 5.625000 0.078125 0.078125
3.906250 5.625000 0.156250 0.156250
4.062500 5.625000 0.312500 0.312500
4.375000 5.625000 0.625000 0.625000
3.750000 5.546875 0.078125 0.078125
3.828125 5.546875 0.078125 0.078125
3.750000 5.468750 0.078125 0.078125
3.828125 5.468750 0.078125 0.078125
3.906250 5.468750 0.156250 0.156250
3.750000 5.390625 0.078125 0.078125
3.828125 5.390625 0.078125 0.078125
3.750000 5.312500 0.078125 0.078125
3.828125 5.312500 0.078125 0.078125
3.906250 5.312500 0.156250 0.156250
4.062500 5.312500 0.312500 0.312500
3.750000 5.234375 0.078125 0.078125
3.828125 5.234375 0.078125 0.078125
3.750000 5.156250 0.078125 0.078125
3.828125 5.156250 0.078125 0.078125
3.906250 5.156250 0.156250 0.156250
3.750000 5.000000 0.156250 0.156250
3.906250 5.000000 0.156250 0.156250
4.062500 5.000000 0.312500 0.312500
4.375000 5.000000 0.625000 0.625000
5.000000 8.750000 1.250000 1.250000
6.250000 9.375000 0.625000 0.625000
6.875000 9.921875 0.078125 0.078125
6.953125 9.921875 0.078125 0.078125
6.875000 9.843750 0.078125 0.078125
6.953125 9.843750 0.078125 0.078125
7.031250 9.921875 0.078125 0.078125
7.109375 9.921875 0.078125 0.078125
7.031250 9.843750 0.078125 0.078125
7.109375 9.843750 0.078125 0.078125
6.875000 9.765625 0.078125 0.078125
6.953125 9.765625 0.078125 0.078125
6.875000 9.687500 0.078125 0.078125
6.953125 9.687500 0.078125 0.078125
7.031250 9.687500 0.156250 0.156250
7.187500 9.921875 0.078125 0.078125
7.265625 9.921875 0.078125 0.078125
7.187500 9.843750 0.078125 0.078125
7.265625 9.843750 0.078125 0.078125
7.343750 9.921875 0.078125 0.078125
7.421875 9.921875 0.078125 0.078125
7.343750 9.843750 0.078125 0.078125
7.421875 9.843750 0.078125 0.078125
7.187500 9.687500 0.156250 0.156250
7.343750 9.687500 0.156250 0.156250
6.875000 9.609375 0.078125 0.078125
6.953125 9.609375 0.078125 0.078125
6.875000 9.531250 0.078125 0.078125
6.953125 9.531250 0.078125 0.078125
7.031250 9.531250 0.156250 0.156250
6.875000 9.453125 0.078125 0.078125
6.953125 9.453125 0.078125 0.078125
6.875000 9.375000 0.078125 0.078125
6.953125 9.375000 0.078125 0.078125
7.031250 9.375000 0.156250 0.156250
7.187500 9.375000 0.312500 0.312500
6.250000 8.750000 0.625000 0.625000
6.875000 9.296875 0.078125 0.078125
6.953125 9.296875 0.078125 0.078125
6.875000 9.218750 0.078125 0.078125
6.953125 9.218750 0.078125 0.078125
7.031250 9.218750 0.156250 0.156250
6.875000 9.140625 0.078125 0.078125
6.953125 9.140625 0.078125 0.078125
6.875000 9.062500 0.078125 0.078125
6.953125 9.062500 0.078125 0.078125
7.031250 9.062500 0.156250 0.156250
7.187500 9.062500 0.312500 0.312500
6.875000 8.984375 0.078125 0.078125
6.953125 8.984375 0.078125 0.078125
6.875000 8.906250 0.078125 0.078125
6.953125 8.906250 0.078125 0.078125
7.031250 8.906250 0.156250 0.156250
6.875000 8.828125 0.078125 0.078125
6.953125 8.828125 0.078125 0.078125
6.875000 8.750000 0.078125 0.078125
6.953125 8.750000 0.078125 0.078125
7.031250 8.750000 0.156250 0.156250
7.187500 8.750000 0.312500 0.312500
5.000000 7.500000 1.250000 1.250000
6.250000 8.125000 0.625000 0.625000
6.875000 8.671875 0.078125 0.078125
6.953125 8.671875 0.078125 0.078125
6.875000 8.593750 0.078125 0.078125
6.953125 8.593750 0.078125 0.078125
7.031250 8.593750 0.156250 0.156250
6.875000 8.515625 0.078125 0.078125
6.953125 8.515625 0.078125 0.078125
6.875000 8.437500 0.078125 0.078125
6.953125 8.437500 0.078125 0.078125
7.031250 8.437500 0.156250 0.156250
7.187500 8.437500 0.312500 0.312500
6.875000 8.359375 0.078125 0.078125
6.953125 8.359375 0.078125 0.078125
6.875000 8.281250 0.078125 0.078125
6.953125 8.281250 0.078125 0.078125
7.031250 8.281250 0.156250 0.156250
6.875000 8.203125 0.078125 0.078125
6.953125 8.203125 0.078125 0.078125
6.875000 8.125000 0.078125 0.078125
6.953125 8.125000 0.078125 0.078125
7.031250 8.125000 0.156250 0.156250
7.187500 8.125000 0.312500 0.312500
6.250000 7.500000 0.625000 0.625000
6.875000 8.046875 0.078125 0.078125
6.953125 8.046875 0.078125 0.078125
6.875000 7.968750 0.078125 0.078125
6.953125 7.968750 0.078125 0.078125
7.031250 8.046875 0.078125 0.078125
7.109375 8.046875 0.078125 0.078125
7.031250 7.968750 0.078125 0.078125
7.109375 7.968750 0.078125 0.078125
6.875000 7.812500 0.156250 0.156250
7.031250 7.812500 0.156250 0.156250
7.187500 8.046875 0.078125 0.078125
7.265625 8.046875 0.078125 0.078125
7.187500 7.968750 0.078125 0.078125
7.265625 7.968750 0.078125 0.078125
7.343750 8.046875 0.078125 0.078125
7.421875 8.046875 0.078125 0.078125
7.343750 7.968750 0.078125 0.078125
7.421875 7.968750 0.078125 0.078125
7.187500 7.812500 0.156250 0.156250
7.343750 7.812500 0.156250 0.156250
6.875000 7.500000 0.312500 0.312500
7.187500 7.500000 0.312500 0.312500
7.500000 9.921875 0.078125 0.078125
7.578125 9.921875 0.078125 0.078125
7.500000 9.843750 0.078125 0.078125
7.578125 9.843750 0.078125 0.078125
7.656250 9.921875 0.078125 0.078125
7.734375 9.921875 0.078125 0.078125
7.656250 9.843750 0.078125 0.078125
7.734375 9.843750 0.078125 0.078125
7.500000 9.687500 0.156250 0.156250
7.656250 9.687500 0.156250 0.156250
7.812500 9.921875 0.078125 0.078125
7.890625 9.921875 0.078125 0.078125
7.812500 9.843750 0.078125 0.078125
7.890625 9.843750 0.078125 0.078125
7.968750 9.921875 0.078125 0.078125
8.046875 9.921875 0.078125 0.078125
7.968750 9.843750 0.078125 0.078125
8.046875 9.843750 0.078125 0.078125
7.812500 9.687500 0.156250 0.156250
7.968750 9.687500 0.156250 0.156250
7.500000 9.375000 0.312500 0.312500
7.812500 9.375000 0.312500 0.312500
8.125000 9.921875 0.078125 0.078125
8.203125 9.921875 0.078125 0.078125
8.125000 9.843750 0.078125 0.078125
8.203125 9.843750 0.078125 0.078125
8.281250 9.921875 0.078125 0.078125
8.359375 9.921875 0.078125 0.078125
8.281250 9.843750 0.078125 0.078125
8.359375 9.843750 0.078125 0.078125
8.125000 9.687500 0.156250 0.156250
8.281250 9.687500 0.156250 0.156250
8.437500 9.921875 0.078125 0.078125
8.515625 9.921875 0.078125 0.078125
8.437500 9.843750 0.078125 0.078125
8.515625 9.843750 0.078125 0.078125
8.593750 9.921875 0.078125 0.078125
8.671875 9.921875 0.078125 0.078125
8.593750 9.843750 0.078125 0.078125
8.671875 9.843750 0.078125 0.078125
8.437500 9.687500 0.156250 0.156250
8.593750 9.687500 0.156250 0.156250
8.125000 9.375000 0.312500 0.312500
8.437500 9.375000 0.312500 0.312500
7.500000 8.750000 0.625000 0.625000
8.125000 8.750000 0.625000 0.625000
8.750000 9.921875 0.078125 0.078125
8.828125 9.921875 0.078125 0.078125
8.750000 9.843750 0.078125 0.078125
8.828125 9.843750 0.078125 0.078125
8.906250 9.921875 0.078125 0.078125
8.984375 9.921875 0.078125 0.078125
8.906250 9.843750 0.078125 0.078125
8.984375 9.843750 0.078125 0.078125
8.750000 9.687500 0.156250 0.156250
8.906250 9.765625 0.078125 0.078125
8.984375 9.765625 0.078125 0.078125
8.906250 9.687500 0.078125 0.078125
8.984375 9.687500 0.078125 0.078125
9.062500 9.687500 0.312500 0.312500
8.750000 9.531250 0.156250 0.156250
8.906250 9.609375 0.078125 0.078125
8.984375 9.609375 0.078125 0.078125
8.906250 9.531250 0.078125 0.078125
8.984375 9.531250 0.078125 0.078125
8.750000 9.375000 0.156250 0.156250
8.906250 9.453125 0.078125 0.078125
8.984375 9.453125 0.078125 0.078125
8.906250 9.375000 0.078125 0.078125
8.984375 9.375000 0.078125 0.078125
9.062500 9.375000 0.312500 0.312500
9.375000 9.375000 0.625000 0.625000
8.750000 9.218750 0.156250 0.156250
8.906250 9.296875 0.078125 0.078125
8.984375 9.296875 0.078125 0.078125
8.906250 9.218750 0.078125 0.078125
8.984375 9.218750 0.078125 0.078125
8.750000 9.062500 0.156250 0.156250
8.906250 9.140625 0.078125 0.078125
8.984375 9.140625 0.078125 0.078125
8.906250 9.062500 0.078125 0.078125
8.984375 9.062500 0.078125 0.078125
9.062500 9.062500 0.312500 0.312500
8.750000 8.906250 0.156250 0.156250
8.906250 8.984375 0.078125 0.078125
8.984375 8.984375 0.078125 0.078125
8.906250 8.906250 0.078125 0.078125
8.984375 8.906250 0.078125 0.078125
8.750000 8.750000 0.156250 0.156250
8.906250 8.828125 0.078125 0.078125
8.984375 8.828125 0.078125 0.078125
8.906250 8.750000 0.078125 0.078125
8.984375 8.750000 0.078125 0.078125
9.062500 8.750000 0.312500 0.312500
9.375000 8.750000 0.625000 0.625000
7.500000 8.125000 0.625000 0.625000
8.125000 8.125000 0.625000 0.625000
7.500000 8.046875 0.078125 0.078125
7.578125 8.046875 0.078125 0.078125
7.500000 7.968750 0.078125 0.078125
7.578125 7.968750 0.078125 0.078125
7.656250 8.046875 0.078125 0.078125
7.734375 8.046875 0.078125 0.078125
7.656250 7.968750 0.078125 0.078125
7.734375 7.968750 0.078125 0.078125
7.500000 7.812500 0.156250 0.156250
7.656250 7.812500 0.156250 0.156250
7.812500 8.046875 0.078125 0.078125
7.890625 8.046875 0.078125 0.078125
7.812500 7.968750 0.078125 0.078125
7.890625 7.968750 0.078125 0.078125
7.968750 8.046875 0.078125 0.078125
8.046875 8.046875 0.078125 0.078125
7.968750 7.968750 0.078125 0.078125
8.046875 7.968750 0.078125 0.078125
7.812500 7.812500 0.156250 0.156250
7.968750 7.812500 0.156250 0.156250
7.500000 7.500000 0.312500 0.312500
7.812500 7.500000 0.312500 0.312500
8.125000 8.046875 0.078125 0.078125
8.203125 8.046875 0.078125 0.078125
8.125000 7.968750 0.078125 0.078125
8.203125 7.968750 0.078125 0.078125
8.281250 8.046875 0.078125 0.078125
8.359375 8.046875 0.078125 0.078125
8.281250 7.968750 0.078125 0.078125
8.359375 7.968750 0.078125 0.078125
8.125000 7.812500 0.156250 0.156250
8.281250 7.812500 0.156250 0.156250
8.437500 8.046875 0.078125 0.078125
8.515625 8.046875 0.078125 0.078125
8.437500 7.968750 0.078125 0.078125
8.515625 7.968750 0.078125 0.078125
8.593750 8.046875 0.078125 0.078125
8.671875 8.046875 0.078125 0.078125
8.593750 7.968750 0.078125 0.078125
8.671875 7.968750 0.078125 0.078125
8.437500 7.812500 0.156250 0.156250
8.593750 7.812500 0.156250 0.156250
8.125000 7.500000 0.312500 0.312500
8.437500 7.500000 0.312500 0.312500
8.750000 8.593750 0.156250 0.156250
8.906250 8.671875 0.078125 0.078125
8.984375 8.671875 0.078125 0.078125
8.906250 8.593750 0.078125 0.078125
8.984375 8.593750 0.078125 0.078125
8.750000 8.437500 0.156250 0.156250
8.906250 8.515625 0.078125 0.078125
8.984375 8.515625 0.078125 0.078125
8.906250 8.437500 0.078125 0.078125
8.984375 8.437500 0.078125 0.078125
9.062500 8.437500 0.312500 0.312500
8.750000 8.281250 0.156250 0.156250
8.906250 8.359375 0.078125 0.078125
8.984375 8.359375 0.078125 0.078125
8.906250 8.281250 0.078125 0.078125
8.984375 8.281250 0.078125 0.078125
8.750000 8.125000 0.156250 0.156250
8.906250 8.203125 0.078125 0.078125
8.984375 8.203125 0.078125 0.078125
8.906250 8.125000 0.078125 0.078125
8.984375 8.125000 0.078125 0.078125
9.062500 8.125000 0.312500 0.312500
9.375000 8.125000 0.625000 0.625000
8.750000 8.046875 0.078125 0.078125
8.828125 8.046875 0.078125 0.078125
8.750000 7.968750 0.078125 0.078125
8.828125 7.968750 0.078125 0.078125
8.906250 8.046875 0.078125 0.078125
8.984375 8.046875 0.078125 0.078125
8.906250 7.968750 0.078125 0.078125
8.984375 7.968750 0.078125 0.078125
8.750000 7.812500 0.156250 0.156250
8.906250 7.812500 0.156250 0.156250
9.062500 7.812500 0.312500 0.312500
8.750000 7.500000 0.312500 0.312500
9.062500 7.500000 0.312500 0.312500
9.375000 7.500000 0.625000 0.625000
5.000000 5.000000 2.500000 2.500000
7.500000 5.000000 2.500000 2.500000
0.000000 3.750000 1.250000 1.250000
1.250000 3.750000 1.250000 1.250000
0.000000 2.500000 1.250000 1.250000
1.250000 3.125000 0.625000 0.625000
1.875000 3.125000 0.625000 0.625000
1.250000 2.500000 0.625000 0.625000
1.875000 3.046875 0.078125 0.078125
1.953125 3.046875 0.078125 0.078125
1.875000 2.968750 0.078125 0.078125
1.953125 2.968750 0.078125 0.078125
2.031250 3.046875 0.078125 0.078125
2.109375 3.046875 0.078125 0.078125
2.031250 2.968750 0.078125 0.078125
2.109375 2.968750 0.078125 0.078125
1.875000 2.890625 0.078125 0.078125
1.953125 2.890625 0.078125 0.078125
1.875000 2.812500 0.078125 0.078125
1.953125 2.812500 0.078125 0.078125
2.031250 2.812500 0.156250 0.156250
2.187500 3.046875 0.078125 0.078125
2.265625 3.046875 0.078125 0.078125
2.187500 2.968750 0.078125 0.078125
2.265625 2.968750 0.078125 0.078125
2.343750 3.046875 0.078125 0.078125
2.421875 3.046875 0.078125 0.078125
2.343750 2.968750 0.078125 0.078125
2.421875 2.968750 0.078125 0.078125
2.187500 2.812500 0.156250 0.156250
2.343750 2.812500 0.156250 0.156250
1.875000 2.734375 0.078125 0.078125
1.953125 2.734375 0.078125 0.078125
1.875000 2.656250 0.078125 0.078125
1.953125 2.656250 0.078125 0.078125
2.031250 2.656250 0.156250 0.156250
1.875000 2.578125 0.078125 0.078125
1.953125 2.578125 0.078125 0.078125
1.875000 2.500000 0.078125 0.078125
1.953125 2.500000 0.078125 0.078125
2.031250 2.500000 0.156250 0.156250
2.187500 2.500000 0.312500 0.312500
2.500000 3.750000 1.250000 1.250000
3.750000 3.750000 1.250000 1.250000
2.500000 3.125000 0.625000 0.625000
3.125000 3.437500 0.312500 0.312500
3.437500 3.437500 0.312500 0.312500
3.125000 3.125000 0.312500 0.312500
3.437500 3.281250 0.156250 0.156250
3.593750 3.281250 0.156250 0.156250
3.437500 3.203125 0.078125 0.078125
3.515625 3.203125 0.078125 0.078125
3.437500 3.125000 0.078125 0.078125
3.515625 3.125000 0.078125 0.078125
3.593750 3.203125 0.078125 0.078125
3.671875 3.203125 0.078125 0.078125
3.593750 3.125000 0.078125 0.078125
3.671875 3.125000 0.078125 0.078125
2.500000 3.046875 0.078125 0.078125
2.578125 3.046875 0.078125 0.078125
2.500000 2.968750 0.078125 0.078125
2.578125 2.968750 0.078125 0.078125
2.656250 3.046875 0.078125 0.078125
2.734375 3.046875 0.078125 0.078125
2.656250 2.968750 0.078125 0.078125
2.734375 2.968750 0.078125 0.078125
2.500000 2.812500 0.156250 0.156250
2.656250 2.812500 0.156250 0.156250
2.812500 3.046875 0.078125 0.078125
2.890625 3.046875 0.078125 0.078125
2.812500 2.968750 0.078125 0.078125
2.890625 2.968750 0.078125 0.078125
2.968750 3.046875 0.078125 0.078125
3.046875 3.046875 0.078125 0.078125
2.968750 2.968750 0.078125 0.078125
3.046875 2.968750 0.078125 0.078125
2.812500 2.812500 0.156250 0.156250
2.968750 2.890625 0.078125 0.078125
3.046875 2.890625 0.078125 0.078125
2.968750 2.812500 0.078125 0.078125
3.046875 2.812500 0.078125 0.078125
2.500000 2.500000 0.312500 0.312500
2.812500 2.656250 0.156250 0.156250
2.968750 2.734375 0.078125 0.078125
3.046875 2.734375 0.078125 0.078125
2.968750 2.656250 0.078125 0.078125
3.046875 2.656250 0.078125 0.078125
2.812500 2.500000 0.156250 0.156250
2.968750 2.578125 0.078125 0.078125
3.046875 2.578125 0.078125 0.078125
2.968750 2.500000 0.078125 0.078125
3.046875 2.500000 0.078125 0.078125
3.125000 2.812500 0.312500 0.312500
3.437500 3.046875 0.078125 0.078125
3.515625 3.046875 0.078125 0.078125
3.437500 2.968750 0.078125 0.078125
3.515625 2.968750 0.078125 0.078125
3.593750 2.968750 0.156250 0.156250
3.437500 2.890625 0.078125 0.078125
3.515625 2.890625 0.078125 0.078125
3.437500 2.812500 0.078125 0.078125
3.515625 2.812500 0.078125 0.078125
3.593750 2.812500 0.156250 0.156250
3.125000 2.500000 0.312500 0.312500
3.437500 2.734375 0.078125 0.078125
3.515625 2.734375 0.078125 0.078125
3.437500 2.656250 0.078125 0.078125
3.515625 2.656250 0.078125 0.078125
3.593750 2.656250 0.156250 0.156250
3.437500 2.578125 0.078125 0.078125
3.515625 2.578125 0.078125 0.078125
3.437500 2.500000 0.078125 0.078125
3.515625 2.500000 0.078125 0.078125
3.593750 2.500000 0.156250 0.156250
3.750000 3.437500 0.312500 0.312500
4.062500 3.437500 0.312500 0.312500
3.750000 3.281250 0.156250 0.156250
3.906250 3.281250 0.156250 0.156250
3.750000 3.203125 0.078125 0.078125
3.828125 3.203125 0.078125 0.078125
3.750000 3.125000 0.078125 0.078125
3.828125 3.125000 0.078125 0.078125
3.906250 3.203125 0.078125 0.078125
3.984375 3.203125 0.078125 0.078125
3.906250 3.125000 0.078125 0.078125
3.984375 3.125000 0.078125 0.078125
4.062500 3.281250 0.156250 0.156250
4.218750 3.281250 0.156250 0.156250
4.062500 3.203125 0.078125 0.078125
4.140625 3.203125 0.078125 0.078125
4.062500 3.125000 0.078125 0.078125
4.140625 3.125000 0.078125 0.078125
4.218750 3.203125 0.078125 0.078125
4.296875 3.203125 0.078125 0.078125
4.218750 3.125000 0.078125 0.078125
4.296875 3.125000 0.078125 0.078125
4.375000 3.437500 0.312500 0.312500
4.687500 3.437500 0.312500 0.312500
4.375000 3.281250 0.156250 0.156250
4.531250 3.281250 0.156250 0.156250
4.375000 3.203125 0.078125 0.078125
4.453125 3.203125 0.078125 0.078125
4.375000 3.125000 0.078125 0.078125
4.453125 3.125000 0.078125 0.078125
4.531250 3.203125 0.078125 0.078125
4.609375 3.203125 0.078125 0.078125
4.531250 3.125000 0.078125 0.078125
4.609375 3.125000 0.078125 0.078125
4.687500 3.281250 0.156250 0.156250
4.843750 3.281250 0.156250 0.156250
4.687500 3.203125 0.078125 0.078125
4.765625 3.203125 0.078125 0.078125
4.687500 3.125000 0.078125 0.078125
4.765625 3.125000 0.078125 0.078125
4.843750 3.203125 0.078125 0.078125
4.921875 3.203125 0.078125 0.078125
4.843750 3.125000 0.078125 0.078125
4.921875 3.125000 0.078125 0.078125
3.750000 2.500000 0.625000 0.625000
4.375000 2.500000 0.625000 0.625000
0.000000 1.250000 1.250000 1.250000
1.250000 1.875000 0.625000 0.625000
1.875000 2.421875 0.078125 0.078125
1.953125 2.421875 0.078125 0.078125
1.875000 2.343750 0.078125 0.078125
1.953125 2.343750 0.078125 0.078125
2.031250 2.343750 0.156250 0.156250
1.875000 2.265625 0.078125 0.078125
1.953125 2.265625 0.078125 0.078125
1.875000 2.187500 0.078125 0.078125
1.953125 2.187500 0.078125 0.078125
2.031250 2.187500 0.156250 0.156250
2.187500 2.187500 0.312500 0.312500
1.875000 2.109375 0.078125 0.078125
1.953125 2.109375 0.078125 0.078125
1.875000 2.031250 0.078125 0.078125
1.953125 2.031250 0.078125 0.078125
2.031250 2.031250 0.156250 0.156250
1.875000 1.953125 0.078125 0.078125
1.953125 1.953125 0.078125 0.078125
1.875000 1.875000 0.078125 0.078125
1.953125 1.875000 0.078125 0.078125
2.031250 1.953125 0.078125 0.078125
2.109375 1.953125 0.078125 0.078125
2.031250 1.875000 0.078125 0.078125
2.109375 1.875000 0.078125 0.078125
2.187500 2.031250 0.156250 0.156250
2.343750 2.031250 0.156250 0.156250
2.187500 1.953125 0.078125 0.078125
2.265625 1.953125 0.078125 0.078125
2.187500 1.875000 0.078125 0.078125
2.265625 1.875000 0.078125 0.078125
2.343750 1.953125 0.078125 0.078125
2.421875 1.953125 0.078125 0.078125
2.343750 1.875000 0.078125 0.078125
2.421875 1.875000 0.078125 0.078125
1.250000 1.250000 0.625000 0.625000
1.875000 1.250000 0.625000 0.625000
0.000000 0.000000 1.250000 1.250000
1.250000 0.000000 1.250000 1.250000
2.500000 2.187500 0.312500 0.312500
2.812500 2.343750 0.156250 0.156250
2.968750 2.421875 0.078125 0.078125
3.046875 2.421875 0.078125 0.078125
2.968750 2.343750 0.078125 0.078125
3.046875 2.343750 0.078125 0.078125
2.812500 2.187500 0.156250 0.156250
2.968750 2.265625 0.078125 0.078125
3.046875 2.265625 0.078125 0.078125
2.968750 2.187500 0.078125 0.078125
3.046875 2.187500 0.078125 0.078125
2.500000 2.031250 0.156250 0.156250
2.656250 2.031250 0.156250 0.156250
2.500000 1.953125 0.078125 0.078125
2.578125 1.953125 0.078125 0.078125
2.500000 1.875000 0.078125 0.078125
2.578125 1.875000 0.078125 0.078125
2.656250 1.953125 0.078125 0.078125
2.734375 1.953125 0.078125 0.078125
2.656250 1.875000 0.078125 0.078125
2.734375 1.875000 0.078125 0.078125
2.812500 2.031250 0.156250 0.156250
2.968750 2.109375 0.078125 0.078125
3.046875 2.109375 0.078125 0.078125
2.968750 2.031250 0.078125 0.078125
3.046875 2.031250 0.078125 0.078125
2.812500 1.953125 0.078125 0.078125
2.890625 1.953125 0.078125 0.078125
2.812500 1.875000 0.078125 0.078125
2.890625 1.875000 0.078125 0.078125
2.968750 1.953125 0.078125 0.078125
3.046875 1.953125 0.078125 0.078125
2.968750 1.875000 0.078125 0.078125
3.046875 1.875000 0.078125 0.078125
3.125000 2.187500 0.312500 0.312500
3.437500 2.421875 0.078125 0.078125
3.515625 2.421875 0.078125 0.078125
3.437500 2.343750 0.078125 0.078125
3.515625 2.343750 0.078125 0.078125
3.593750 2.343750 0.156250 0.156250
3.437500 2.265625 0.078125 0.078125
3.515625 2.265625 0.078125 0.078125
3.437500 2.187500 0.078125 0.078125
3.515625 2.187500 0.078125 0.078125
3.593750 2.187500 0.156250 0.156250
3.125000 1.875000 0.312500 0.312500
3.437500 2.109375 0.078125 0.078125
3.515625 2.109375 0.078125 0.078125
3.437500 2.031250 0.078125 0.078125
3.515625 2.031250 0.078125 0.078125
3.593750 2.031250 0.156250 0.156250
3.437500 1.953125 0.078125 0.078125
3.515625 1.953125 0.078125 0.078125
3.437500 1.875000 0.078125 0.078125
3.515625 1.875000 0.078125 0.078125
3.593750 1.875000 0.156250 0.156250
2.500000 1.250000 0.625000 0.625000
3.125000 1.562500 0.312500 0.312500
3.437500 1.796875 0.078125 0.078125
3.515625 1.796875 0.078125 0.078125
3.437500 1.718750 0.078125 0.078125
3.515625 1.718750 0.078125 0.078125
3.593750 1.718750 0.156250 0.156250
3.437500 1.640625 0.078125 0.078125
3.515625 1.640625 0.078125 0.078125
3.437500 1.562500 0.078125 0.078125
3.515625 1.562500 0.078125 0.078125
3.593750 1.562500 0.156250 0.156250
3.125000 1.250000 0.312500 0.312500
3.437500 1.484375 0.078125 0.078125
3.515625 1.484375 0.078125 0.078125
3.437500 1.406250 0.078125 0.078125
3.515625 1.406250 0.078125 0.078125
3.593750 1.406250 0.156250 0.156250
3.437500 1.328125 0.078125 0.078125
3.515625 1.328125 0.078125 0.078125
3.437500 1.250000 0.078125 0.078125
3.515625 1.250000 0.078125 0.078125
3.593750 1.250000 0.156250 0.156250
3.750000 1.250000 1.250000 1.250000
2.500000 0.625000 0.625000 0.625000
3.125000 0.937500 0.312500 0.312500
3.437500 1.171875 0.078125 0.078125
3.515625 1.171875 0.078125 0.078125
3.437500 1.093750 0.078125 0.078125
3.515625 1.093750 0.078125 0.078125
3.593750 1.093750 0.156250 0.156250
3.437500 1.015625 0.078125 0.078125
3.515625 1.015625 0.078125 0.078125
3.437500 0.937500 0.078125 0.078125
3.515625 0.937500 0.078125 0.078125
3.593750 0.937500 0.156250 0.156250
3.125000 0.625000 0.312500 0.312500
3.437500 0.859375 0.078125 0.078125
3.515625 0.859375 0.078125 0.078125
3.437500 0.781250 0.078125 0.078125
3.515625 0.781250 0.078125 0.078125
3.593750 0.781250 0.156250 0.156250
3.437500 0.703125 0.078125 0.078125
3.515625 0.703125 0.078125 0.078125
3.437500 0.625000 0.078125 0.078125
3.515625 0.625000 0.078125 0.078125
3.593750 0.625000 0.156250 0.156250
2.500000 0.000000 0.625000 0.625000
3.125000 0.312500 0.312500 0.312500
3.437500 0.546875 0.078125 0.078125
3.515625 0.546875 0.078125 0.078125
3.437500 0.468750 0.078125 0.078125
3.515625 0.468750 0.078125 0.078125
3.593750 0.468750 0.156250 0.156250
3.437500 0.390625 0.078125 0.078125
3.515625 0.390625 0.078125 0.078125
3.437500 0.312500 0.078125 0.078125
3.515625 0.312500 0.078125 0.078125
3.593750 0.312500 0.156250 0.156250
3.125000 0.000000 0.312500 0.312500
3.437500 0.234375 0.078125 0.078125
3.515625 0.234375 0.078125 0.078125
3.437500 0.156250 0.078125 0.078125
3.515625 0.156250 0.078125 0.078125
3.593750 0.234375 0.078125 0.078125
3.671875 0.234375 0.078125 0.078125
3.593750 0.156250 0.078125 0.078125
3.671875 0.156250 0.078125 0.078125
3.437500 0.000000 0.156250 0.156250
3.593750 0.000000 0.156250 0.156250
3.750000 0.625000 0.625000 0.625000
4.375000 0.625000 0.625000 0.625000
3.750000 0.312500 0.312500 0.312500
4.062500 0.312500 0.312500 0.312500
3.750000 0.234375 0.078125 0.078125
3.828125 0.234375 0.078125 0.078125
3.750000 0.156250 0.078125 0.078125
3.828125 0.156250 0.078125 0.078125
3.906250 0.234375 0.078125 0.078125
3.984375 0.234375 0.078125 0.078125
3.906250 0.156250 0.078125 0.078125
3.984375 0.156250 0.078125 0.078125
3.750000 0.000000 0.156250 0.156250
3.906250 0.000000 0.156250 0.156250
4.062500 0.234375 0.078125 0.078125
4.140625 0.234375 0.078125 0.078125
4.062500 0.156250 0.078125 0.078125
4.140625 0.156250 0.078125 0.078125
4.218750 0.234375 0.078125 0.078125
4.296875 0.234375 0.078125 0.078125
4.218750 0.156250 0.078125 0.078125
4.296875 0.156250 0.078125 0.078125
4.062500 0.000000 0.156250 0.156250
4.218750 0.000000 0.156250 0.156250
4.375000 0.312500 0.312500 0.312500
4.687500 0.312500 0.312500 0.312500
4.375000 0.234375 0.078125 0.078125
4.453125 0.234375 0.078125 0.078125
4.375000 0.156250 0.078125 0.078125
4.453125 0.156250 0.078125 0.078125
4.531250 0.234375 0.078125 0.078125
4.609375 0.234375 0.078125 0.078125
4.531250 0.156250 0.078125 0.078125
4.609375 0.156250 0.078125 0.078125
4.375000 0.000000 0.156250 0.156250
4.531250 0.000000 0.156250 0.156250
4.687500 0.234375 0.078125 0.078125
4.765625 0.234375 0.078125 0.078125
4.687500 0.156250 0.078125 0.078125
4.765625 0.156250 0.078125 0.078125
4.843750 0.234375 0.078125 0.078125
4.921875 0.234375 0.078125 0.078125
4.843750 0.156250 0.078125 0.078125
4.921875 0.156250 0.078125 0.078125
4.687500 0.000000 0.156250 0.156250
4.843750 0.000000 0.156250 0.156250
5.000000 3.750000 1.250000 1.250000
6.250000 3.750000 1.250000 1.250000
5.000000 3.437500 0.312500 0.312500
5.312500 3.437500 0.312500 0.312500
5.000000 3.281250 0.156250 0.156250
5.156250 3.281250 0.156250 0.156250
5.000000 3.203125 0.078125 0.078125
5.078125 3.203125 0.078125 0.078125
5.000000 3.125000 0.078125 0.078125
5.078125 3.125000 0.078125 0.078125
5.156250 3.203125 0.078125 0.078125
5.234375 3.203125 0.078125 0.078125
5.156250 3.125000 0.078125 0.078125
5.234375 3.125000 0.078125 0.078125
5.312500 3.281250 0.156250 0.156250
5.468750 3.281250 0.156250 0.156250
5.312500 3.203125 0.078125 0.078125
5.390625 3.203125 0.078125 0.078125
5.312500 3.125000 0.078125 0.078125
5.390625 3.125000 0.078125 0.078125
5.468750 3.203125 0.078125 0.078125
5.546875 3.203125 0.078125 0.078125
5.468750 3.125000 0.078125 0.078125
5.546875 3.125000 0.078125 0.078125
5.625000 3.437500 0.312500 0.312500
5.937500 3.437500 0.312500 0.312500
5.625000 3.281250 0.156250 0.156250
5.781250 3.281250 0.156250 0.156250
5.625000 3.203125 0.078125 0.078125
5.703125 3.203125 0.078125 0.078125
5.625000 3.125000 0.078125 0.078125
5.703125 3.125000 0.078125 0.078125
5.781250 3.203125 0.078125 0.078125
5.859375 3.203125 0.078125 0.078125
5.781250 3.125000 0.078125 0.078125
5.859375 3.125000 0.078125 0.078125
5.937500 3.281250 0.156250 0.156250
6.093750 3.281250 0.156250 0.156250
5.937500 3.203125 0.078125 0.078125
6.015625 3.203125 0.078125 0.078125
5.937500 3.125000 0.078125 0.078125
6.015625 3.125000 0.078125 0.078125
6.093750 3.203125 0.078125 0.078125
6.171875 3.203125 0.078125 0.078125
6.093750 3.125000 0.078125 0.078125
6.171875 3.125000 0.078125 0.078125
5.000000 2.500000 0.625000 0.625000
5.625000 2.500000 0.625000 0.625000
6.250000 3.437500 0.312500 0.312500
6.562500 3.437500 0.312500 0.312500
6.250000 3.281250 0.156250 0.156250
6.406250 3.281250 0.156250 0.156250
6.250000 3.203125 0.078125 0.078125
6.328125 3.203125 0.078125 0.078125
6.250000 3.125000 0.078125 0.078125
6.328125 3.125000 0.078125 0.078125
6.406250 3.203125 0.078125 0.078125
6.484375 3.203125 0.078125 0.078125
6.406250 3.125000 0.078125 0.078125
6.484375 3.125000 0.078125 0.078125
6.562500 3.125000 0.312500 0.312500
6.875000 3.125000 0.625000 0.625000
6.250000 2.968750 0.156250 0.156250
6.406250 3.046875 0.078125 0.078125
6.484375 3.046875 0.078125 0.078125
6.406250 2.968750 0.078125 0.078125
6.484375 2.968750 0.078125 0.078125
6.250000 2.812500 0.156250 0.156250
6.406250 2.890625 0.078125 0.078125
6.484375 2.890625 0.078125 0.078125
6.406250 2.812500 0.078125 0.078125
6.484375 2.812500 0.078125 0.078125
6.562500 2.812500 0.312500 0.312500
6.250000 2.656250 0.156250 0.156250
6.406250 2.734375 0.078125 0.078125
6.484375 2.734375 0.078125 0.078125
6.406250 2.656250 0.078125 0.078125
6.484375 2.656250 0.078125 0.078125
6.250000 2.500000 0.156250 0.156250
6.406250 2.578125 0.078125 0.078125
6.484375 2.578125 0.078125 0.078125
6.406250 2.500000 0.078125 0.078125
6.484375 2.500000 0.078125 0.078125
6.562500 2.500000 0.312500 0.312500
6.875000 2.500000 0.625000 0.625000
7.500000 2.500000 2.500000 2.500000
5.000000 1.250000 1.250000 1.250000
6.250000 2.343750 0.156250 0.156250
6.406250 2.421875 0.078125 0.078125
6.484375 2.421875 0.078125 0.078125
6.406250 2.343750 0.078125 0.078125
6.484375 2.343750 0.078125 0.078125
6.250000 2.187500 0.156250 0.156250
6.406250 2.265625 0.078125 0.078125
6.484375 2.265625 0.078125 0.078125
6.406250 2.187500 0.078125 0.078125
6.484375 2.187500 0.078125 0.078125
6.562500 2.187500 0.312500 0.312500
6.250000 2.031250 0.156250 0.156250
6.406250 2.109375 0.078125 0.078125
6.484375 2.109375 0.078125 0.078125
6.406250 2.031250 0.078125 0.078125
6.484375 2.031250 0.078125 0.078125
6.250000 1.875000 0.156250 0.156250
6.406250 1.953125 0.078125 0.078125
6.484375 1.953125 0.078125 0.078125
6.406250 1.875000 0.078125 0.078125
6.484375 1.875000 0.078125 0.078125
6.562500 1.875000 0.312500 0.312500
6.875000 1.875000 0.625000 0.625000
6.250000 1.718750 0.156250 0.156250
6.406250 1.796875 0.078125 0.078125
6.484375 1.796875 0.078125 0.078125
6.406250 1.718750 0.078125 0.078125
6.484375 1.718750 0.078125 0.078125
6.250000 1.562500 0.156250 0.156250
6.406250 1.640625 0.078125 0.078125
6.484375 1.640625 0.078125 0.078125
6.406250 1.562500 0.078125 0.078125
6.484375 1.562500 0.078125 0.078125
6.562500 1.562500 0.312500 0.312500
6.250000 1.406250 0.156250 0.156250
6.406250 1.484375 0.078125 0.078125
6.484375 1.484375 0.078125 0.078125
6.406250 1.406250 0.078125 0.078125
6.484375 1.406250 0.078125 0.078125
6.250000 1.250000 0.156250 0.156250
6.406250 1.328125 0.078125 0.078125
6.484375 1.328125 0.078125 0.078125
6.406250 1.250000 0.078125 0.078125
6.484375 1.250000 0.078125 0.078125
6.562500 1.250000 0.312500 0.312500
6.875000 1.250000 0.625000 0.625000
5.000000 0.625000 0.625000 0.625000
5.625000 0.625000 0.625000 0.625000
5.000000 0.312500 0.312500 0.312500
5.312500 0.312500 0.312500 0.312500
5.000000 0.234375 0.078125 0.078125
5.078125 0.234375 0.078125 0.078125
5.000000 0.156250 0.078125 0.078125
5.078125 0.156250 0.078125 0.078125
5.156250 0.234375 0.078125 0.078125
5.234375 0.234375 0.078125 0.078125
5.156250 0.156250 0.078125 0.078125
5.234375 0.156250 0.078125 0.078125
5.000000 0.000000 0.156250 0.156250
5.156250 0.000000 0.156250 0.156250
5.312500 0.234375 0.078125 0.078125
5.390625 0.234375 0.078125 0.078125
5.312500 0.156250 0.078125 0.078125
5.390625 0.156250 0.078125 0.078125
5.468750 0.234375 0.078125 0.078125
5.546875 0.234375 0.078125 0.078125
5.468750 0.156250 0.078125 0.078125
5.546875 0.156250 0.078125 0.078125
5.312500 0.000000 0.156250 0.156250
5.468750 0.000000 0.156250 0.156250
5.625000 0.312500 0.312500 0.312500
5.937500 0.312500 0.312500 0.312500
5.625000 0.234375 0.078125 0.078125
5.703125 0.234375 0.078125 0.078125
5.625000 0.156250 0.078125 0.078125
5.703125 0.156250 0.078125 0.078125
5.781250 0.234375 0.078125 0.078125
5.859375 0.234375 0.078125 0.078125
5.781250 0.156250 0.078125 0.078125
5.859375 0.156250 0.078125 0.078125
5.625000 0.000000 0.156250 0.156250
5.781250 0.000000 0.156250 0.156250
5.937500 0.234375 0.078125 0.078125
6.015625 0.234375 0.078125 0.078125
5.937500 0.156250 0.078125 0.078125
6.015625 0.156250 0.078125 0.078125
6.093750 0.234375 0.078125 0.078125
6.171875 0.234375 0.078125 0.078125
6.093750 0.156250 0.078125 0.078125
6.171875 0.156250 0.078125 0.078125
5.937500 0.000000 0.156250 0.156250
6.093750 0.000000 0.156250 0.156250
6.250000 1.093750 0.156250 0.156250
6.406250 1.171875 0.078125 0.078125
6.484375 1.171875 0.078125 0.078125
6.406250 1.093750 0.078125 0.078125
6.484375 1.093750 0.078125 0.078125
6.250000 0.937500 0.156250 0.156250
6.406250 1.015625 0.078125 0.078125
6.484375 1.015625 0.078125 0.078125
6.406250 0.937500 0.078125 0.078125
6.484375 0.937500 0.078125 0.078125
6.562500 0.937500 0.312500 0.312500
6.250000 0.781250 0.156250 0.156250
6.406250 0.859375 0.078125 0.078125
6.484375 0.859375 0.078125 0.078125
6.406250 0.781250 0.078125 0.078125
6.484375 0.781250 0.078125 0.078125
6.250000 0.625000 0.156250 0.156250
6.406250 0.703125 0.078125 0.078125
6.484375 0.703125 0.078125 0.078125
6.406250 0.625000 0.078125 0.078125
6.484375 0.625000 0.078125 0.078125
6.562500 0.625000 0.312500 0.312500
6.875000 0.625000 0.625000 0.625000
6.250000 0.468750 0.156250 0.156250
6.406250 0.546875 0.078125 0.078125
6.484375 0.546875 0.078125 0.078125
6.406250 0.468750 0.078125 0.078125
6.484375 0.468750 0.078125 0.078125
6.250000 0.312500 0.156250 0.156250
6.406250 0.390625 0.078125 0.078125
6.484375 0.390625 0.078125 0.078125
6.406250 0.312500 0.078125 0.078125
6.484375 0.312500 0.078125 0.078125
6.562500 0.312500 0.312500 0.312500
6.250000 0.234375 0.078125 0.078125
6.328125 0.234375 0.078125 0.078125
6.250000 0.156250 0.078125 0.078125
6.328125 0.156250 0.078125 0.078125
6.406250 0.234375 0.078125 0.078125
6.484375 0.234375 0.078125 0.078125
6.406250 0.156250 0.078125 0.078125
6.484375 0.156250 0.078125 0.078125
6.250000 0.000000 0.156250 0.156250
6.406250 0.000000 0.156250 0.156250
6.562500 0.000000 0.312500 0.312500
6.875000 0.000000 0.625000 0.625000
7.500000 0.000000 2.500000 2.500000
